EAL: Detected CPU lcores: 20
EAL: Detected NUMA nodes: 1
EAL: Detected shared linkage of DPDK
EAL: Multi-process socket /var/run/dpdk/rte/mp_socket
EAL: Selected IOVA mode 'PA'
EAL: VFIO support initialized
EAL: Probe PCI driver: mlx5_pci (15b3:1015) device: 0000:03:00.1 (socket 0)
TELEMETRY: No legacy callbacks, legacy socket not created
Count core: 1
Number of queues: 1
Connecting to port 0 with 1 queues
ip: 192.168.1.1
server port is 8080
Expect the server to change the location of timestamp by 20 bytes
sending ARP requests
mac address for server 192.168.1.1 received: 9c:dc:71:5b:42:81
ARP requests finished
-------------------------------------
378138
383889
386400
385047
384130
385228
384933
386597
383772
385971
385191
385794
387608
386252
383661
386239
386242
386088
384920
384184
386540
384856
385844
386125
386460
385305
386681
385897
386570
385352
383856
387240
386292
385573
385469
383558
382871
388073
384398
383564
387514
382476
388147
384706
382905
387702
383591
384512
384689
385215
388291
385041
386835
384672
385144
386961
392822
389413
385451
386003
385097
383766
388215
384923
385757
385842
385958
385245
385473
383402
383781
386430
385664
385524
385765
384870
383268
387405
387542
383529
388769
385008
387799
385889
386150
389069
384274
387363
384994
383976
385692
385946
384570
386905
384702
384910
387112
386724
386461
385929
384828
385506
386485
384637
385148
386841
383849
387687
384622
384133
384926
383251
387581
384734
385912
384204
382865
387989
386861
384389
386575
383093
387601
386363
385830
383308
386578
386401
385444
384883
385151
381301
388312
387896
386963
385497
383125
387114
388312
382363
386440
384253
387300
387385
385555
383515
385830
386848
384635
388938
384148
382733
577899
385685
388624
384202
388314
385957
386112
385579
383808
387220
387092
386082
387396
385063
387596
384299
384077
387451
384220
386190
388531
385635
385051
385768
386807
385913
388370
385172
385784
385748
385527
386270
385305
387283
385706
386516
387230
385212
388343
386292
385301
386514
384306
384168
403480
385615
386434
385436
362389
388569
384314
386044
385605
385476
387606
385007
388725
384497
385935
387640
384755
388721
386169
388533
386954
388000
386087
387805
386087
386336
389452
384553
387919
384671
388492
386685
386154
384360
385715
387658
387122
385158
387841
386009
387571
386635
387335
384847
383336
387837
386012
384456
388307
385103
386810
387985
383225
387625
385886
385702
387879
383500
386738
386587
385509
387876
385338
384556
386272
385638
386231
389679
385083
386218
386126
387121
386824
385343
385972
386293
385855
386066
384703
388210
379201
359561
385956
384877
387182
386706
384482
387145
384796
384461
386606
386318
386071
387053
384217
387897
386261
385887
387291
384817
387870
386889
388734
386926
387576
385642
385365
152129
385374
385042
388122
386095
389810
383497
573978
386035
385928
389220
384796
387353
383820
387042
390057
387331
386239
383446
388625
385470
386212
385001
384799
383965
388282
384780
384601
386944
385076
386370
387389
383820
387135
384360
387236
386828
385317
383994
386312
387353
383802
385645
384984
383045
376532
382164
384978
383786
386529
385904
384552
384018
384704
385835
386117
387317
384748
387437
386475
385378
386514
384502
385863
386305
385384
387739
384874
385252
387897
385497
386310
386457
384405
384248
387150
384478
384318
384896
385538
386676
387760
383294
386815
385923
391985
386338
386751
386197
384663
388317
385665
383281
387775
386907
387655
383313
384343
383680
386441
387622
388206
386307
382788
361940
385364
382442
384292
387144
385482
383010
384939
384899
385352
383620
387237
386358
385470
386076
360377
386656
384622
385264
385411
385564
388175
385897
382871
387171
385374
388592
387266
384810
386092
383939
387189
387179
385266
385178
385413
387558
386174
386528
384423
387595
385577
386132
385735
384406
383003
390344
384043
384597
386282
382153
386561
258600
383817
386450
385526
388179
386441
385605
394009
386179
388904
387313
383800
388550
385836
387497
388203
385045
386514
383566
387143
388179
385408
386591
385455
385810
387472
384364
387421
384639
386916
386358
385704
384831
385627
386574
386944
384790
386323
384802
389502
386570
383976
385526
384800
390928
386534
385175
385076
386420
386991
383097
387619
383266
384991
387336
384701
385165
387960
385293
388432
384923
383427
387296
387783
385915
387183
378915
386739
386764
385201
387664
384882
388584
386779
385721
386056
384761
388379
387501
386501
386030
383738
387723
387250
385544
385405
385522
386769
386609
385202
388004
385124
360455
386518
385001
388441
385821
384693
390609
384895
388524
384276
387133
386420
384921
387140
386532
386620
387841
385346
386321
384830
384994
386481
383838
384638
385886
383722
385168
384838
385134
385066
382687
386374
387092
383747
387625
385775
385863
386489
386292
385933
386627
385258
387349
385962
384870
385734
385696
386123
386357
384495
385733
388846
384025
387871
383985
383456
387665
386102
383656
386210
385208
384772
386984
386945
384388
386695
386067
385271
387149
383978
572817
388078
386538
386933
384312
385384
387786
384379
386429
385503
381820
388446
386538
384702
386138
383383
386427
387804
386030
384312
383705
388010
384672
386794
384921
381321
387451
388238
383958
385450
381778
386516
384848
384587
384817
384507
388404
384725
383749
387150
386874
387228
385958
382623
385325
387638
385194
387436
387444
385188
388158
384658
387966
384466
383764
388320
386138
384093
385136
389006
382687
384907
384228
383243
384649
388030
385112
387557
385668
383861
387509
386533
383184
388031
384389
384731
388331
385288
386499
387718
386064
388755
384078
385150
385571
385876
387075
385087
384534
386794
388176
386291
385143
384246
386134
387816
383523
386772
387014
383910
388455
384185
386040
386858
384407
385491
386799
384499
385396
385753
386461
386616
386074
385374
387214
387353
385339
385767
383917
385210
387076
385307
385908
385718
384620
387161
386793
384440
386712
386038
386714
386562
383027
385057
387822
386497
386926
385758
384886
387369
387571
387159
384108
385403
387019
387354
385646
385169
384466
231359
385275
386570
386113
384732
386926
385363
391468
386007
386969
386924
387655
387328
387415
386648
383548
395948
385454
385937
383739
385929
387275
385462
386337
384533
385772
388389
384623
387372
386602
384962
387717
384275
387338
385476
383507
388521
385121
382573
386633
386607
385228
388277
385295
385621
383856
387826
386862
384995
383347
384161
389358
384923
386541
385518
384551
388622
383945
384677
388001
384259
386744
387570
385020
387594
385457
384384
385809
384954
386658
384999
386220
387598
385737
386112
385382
385968
387219
386019
383743
387998
386994
386938
384087
385430
385364
386755
384323
387476
386415
383234
389166
384558
386130
386862
381816
387223
386518
384913
383217
383102
387899
384172
385606
386628
383311
388089
386618
383076
385547
382083
388555
386497
385945
384147
382675
390194
383982
386290
386975
385737
388863
383666
384476
387293
386030
384785
385136
385468
383758
388175
385326
383615
387936
384388
385613
387594
384119
386641
386671
385435
386827
385108
382459
384387
387349
384174
384445
386975
383966
385620
386573
385366
384228
387894
387488
387082
385282
383866
388207
388750
387035
573110
388362
384383
388795
385251
383745
386476
383195
387440
385624
386538
384106
387207
387766
385445
386152
383781
385687
387634
383892
386938
386574
384652
388016
384658
385697
386254
384750
387103
385924
384343
386416
384748
386068
388405
385592
385510
386511
385748
386723
386564
385230
388177
385979
386293
384139
384261
385775
387112
384341
385129
384758
385876
385876
386827
385243
388448
386511
388850
385747
386794
385784
384051
387305
386969
383578
385766
385713
384686
385624
386735
383630
386417
387138
384558
387909
385306
383297
388523
384875
384295
386932
387203
386821
384848
384444
386784
386319
385129
386953
385068
384195
386399
385872
386417
385161
383136
385389
387618
384430
388106
385694
383641
388060
384773
383434
385963
383220
385375
385716
385709
384948
383310
387224
385510
383133
386882
383841
387139
386835
386289
385292
386732
386015
387035
385711
384030
385769
387645
384086
387765
385297
383131
388640
385317
387701
385379
382319
388234
386189
382957
384743
385359
386816
384185
385947
385246
381833
390128
257820
384307
383595
385555
388286
383826
387194
391781
385504
387977
387581
385981
386174
385279
384866
386512
386012
385025
386572
387240
383637
385741
385687
383482
390640
386035
386745
384781
382657
387163
386487
383638
384631
384573
386950
383423
385747
384718
382855
388707
387362
384079
386128
384111
387312
387997
384502
386029
384223
387718
387329
385306
385400
384251
388097
384915
386764
386048
383317
388239
384260
385026
384791
384363
384481
387761
387081
387663
373543
385564
379164
384308
385415
387394
384434
387339
386602
385728
388590
382694
385063
385408
386789
384418
385182
385747
385107
387804
383873
383374
387033
384250
386288
385964
384757
382941
385078
389060
384257
387087
386302
383779
388646
384911
385458
386228
385533
387940
387053
385466
385576
386557
388524
384494
383708
386834
385364
385075
387947
385303
384569
385534
387753
387288
384020
384379
386570
386220
384131
386108
386248
384272
389602
385000
384647
386362
385467
384952
386930
384436
386439
386110
386332
386558
385367
383630
385689
392275
386810
385094
384943
387328
385385
386943
385567
383783
386886
387177
383479
387273
385103
383117
388590
386020
385540
386994
572614
390394
386396
386593
384663
387329
386508
386113
386947
384088
385426
389961
385267
385297
385063
383403
387656
385184
384122
386981
383840
386671
386353
385545
384020
385789
387569
386174
385806
385781
385805
387427
385466
386481
385529
383724
390010
383042
387554
386670
382656
389642
385080
386728
387181
385402
387738
385970
386553
385768
384962
387691
385432
384903
386651
386125
385348
384446
385377
384598
389803
384805
387137
385153
384451
388781
384168
386971
387360
385154
388791
385466
386988
386028
384889
387406
384783
387468
386271
383504
385988
385656
383968
383899
386569
385676
383466
385337
383987
384875
384495
387593
385705
383280
384645
385140
385144
384151
387000
385271
387866
386701
384881
387571
385506
387529
386973
382935
386002
386104
385446
388005
392084
385031
385410
387646
384433
383782
387172
383666
384583
385307
386227
384523
385335
391723
385538
386708
384768
387775
387951
387258
386612
387798
386851
387833
387139
387405
388069
387537
388865
386750
386571
386717
388415
387290
387620
386798
388056
358814
388141
386369
385012
384699
384774
385319
393423
387414
386496
386598
386689
383850
387313
385860
384794
388109
384962
387831
387056
385625
389343
386189
387541
383256
387399
388226
386494
386650
386775
387513
387258
388563
384580
387682
386316
387984
386225
383299
386577
386402
385056
387056
386025
386329
385827
383997
387543
386965
384079
387287
386656
385425
386527
383889
386553
388398
384994
388307
383745
387076
388918
386845
386695
384287
388418
385865
388325
384822
384066
387194
385368
384123
388465
384304
383786
388843
385086
386259
385453
383806
387223
387512
384810
386966
385064
386417
387144
384768
387641
386984
385235
386520
385542
385376
384448
385707
384969
388162
384220
384711
387511
383841
385174
385925
384274
386974
385888
384469
383763
385212
387538
383135
386825
388186
384569
389076
385113
386456
385402
382913
389438
385276
385524
386589
383827
389384
387158
386471
385818
383479
373365
384850
385241
383497
384163
389645
384073
385715
382145
383323
387687
385792
383224
386517
386069
385522
387547
385716
384728
388383
384295
388064
387374
386154
386560
385966
388172
384853
388887
388419
388134
571855
388570
384723
388900
384246
385569
386891
384106
385478
386424
386129
385476
384323
388197
386397
386144
383481
386897
391579
381874
386110
384429
387202
388990
385894
385475
384565
385810
387287
384764
386816
385487
384039
387622
385707
384702
386616
384824
386415
386694
384491
385850
385518
385823
386150
385331
385065
385758
387296
384900
386726
384965
384490
389615
385400
386756
386086
384610
389102
385378
387766
385456
385764
388143
383697
386578
385600
385891
387713
384872
383666
386430
385894
384708
387297
385461
384238
385960
385352
382430
384284
386574
386089
385493
386776
384200
385727
386621
388285
384261
385346
387118
386370
386128
384704
383878
386525
386241
385207
386738
386021
384738
389212
384674
387893
386279
385228
387324
384169
387983
385519
384700
396718
387121
384323
387184
385362
385635
388851
383958
386625
387835
385809
387416
385735
388270
385336
389825
384728
387580
387638
386194
387887
385861
388398
384667
388749
387764
387252
385146
387481
388585
387215
387107
387961
388663
387667
386247
386045
387523
384851
387381
388425
309492
386567
384146
387761
387899
387639
386256
571386
387001
386107
388203
384582
387516
387202
385674
386430
386030
388110
385804
385977
387480
384880
387778
385029
385762
388078
385797
386854
385734
387097
386954
384601
386570
385450
384563
386635
385905
384126
387501
383397
386212
385286
387683
384315
386232
384563
388726
387219
384964
387486
385968
386950
387413
386290
386453
385196
385204
386480
385650
386655
385287
385095
386456
385925
383865
384927
385828
385159
507742
390107
383405
392815
385928
387242
385292
383822
386128
382411
387554
385888
383865
385625
383690
389840
383617
386551
385404
385099
388174
384826
385533
387104
384966
386492
386806
384242
388017
386497
385752
387476
384689
386045
385222
392673
387712
385411
387082
384179
390016
387956
385514
387086
384499
387310
386584
383803
386350
387100
384574
388567
384784
386697
387275
383924
387594
385111
384539
387902
385852
387281
387243
385646
388155
385084
388598
384789
387155
388132
385328
385514
384046
384282
387641
386183
386447
385753
383645
387011
387326
384024
386949
387361
388294
384490
384908
387068
386492
387450
386343
384589
387754
385107
386670
387161
384339
387148
385588
396020
386391
385989
384800
571688
387727
387800
387370
384888
385525
386759
388416
385525
386790
386082
384907
388113
383408
384886
387379
386953
386008
385749
383517
386109
388635
385248
388201
384151
386666
388983
386076
385554
384748
384823
386292
383835
384569
387861
385794
387121
384678
385386
385189
384757
386628
386927
386839
385669
386573
385948
386897
386251
382908
386430
387040
384540
386552
386657
386165
387646
384205
387964
479389
391797
387387
384647
385526
384730
382338
387547
387249
383281
386335
383860
389162
387521
384415
386998
386247
386610
388112
383768
385600
385753
386793
387803
385446
384369
385581
387835
386656
385691
385355
383805
387973
383589
387230
386120
380343
387958
387812
382886
384745
385242
387116
385890
385353
384822
386643
386795
383360
385160
383907
386117
385019
388674
384364
385051
386153
385392
385393
385758
385329
384581
387977
383965
384309
386030
386235
385908
386625
383785
386257
387952
384871
386393
383800
384076
384970
388258
384644
385635
385932
384488
385904
385944
384240
383741
387569
385897
383906
385347
231068
382646
388168
384070
386882
386093
382674
314879
386192
386421
383658
385624
386418
386113
392529
385418
381015
385694
388963
386245
387030
385677
383656
394127
386347
385084
384061
385576
387695
384932
385886
385811
383227
387338
385869
384123
385770
384523
386617
385729
386661
383907
386438
388386
385053
387102
385191
388652
385936
385550
386180
384037
384479
387655
384314
383466
386810
383861
386559
386433
385142
384692
386256
387821
383853
385051
386131
383093
388158
386073
383604
386115
385061
383979
383981
386707
385457
385989
385908
385058
382714
384893
388071
386194
386533
385893
383496
386878
386308
384497
386930
385797
383758
389430
383698
386773
384640
385563
386913
385953
382666
385794
387398
384487
388360
385504
383921
387442
385184
385810
385275
385716
385343
388358
382949
386851
387973
385004
388963
385041
386897
384702
383856
387335
383966
385658
384678
384712
386115
384497
386802
384591
384161
388213
384186
383841
386436
384079
385495
387472
385443
383682
386512
389481
387655
386639
386607
387491
387418
388497
386096
386357
383639
388332
387517
387084
385891
384596
389235
383836
386354
387930
384694
389716
385363
386236
386953
383859
390010
572521
388558
385723
388179
386381
387874
383854
387012
387748
385483
387213
385644
387089
389235
385143
386535
385010
387119
386292
387552
386379
383967
387215
386070
386493
385046
384927
386751
387069
384563
386957
385641
384462
388871
384163
386875
386138
384917
388989
383200
384848
388342
385043
388010
387113
386805
386667
384287
389220
384765
386046
386584
383649
386554
388317
383863
387194
385004
384260
387771
386192
386107
384687
386453
387568
385008
384687
388254
386933
386989
385528
385909
387714
387035
386887
384887
386190
385869
386107
387170
386027
385256
386233
387434
386495
383816
383983
386028
389307
726583
382414
385274
386237
386822
386620
384825
385163
386129
385777
386941
386793
384941
385123
388327
386837
386756
383717
386943
387351
388594
387091
386216
384544
387306
387138
385345
385297
385492
386953
387632
386404
384051
385941
386472
385318
386717
385190
387415
386909
384403
387806
384589
387456
388035
385357
387903
384679
389688
384070
385888
387016
384671
387197
386052
383687
386750
386317
384935
361996
385471
383266
386892
386755
384928
386128
573761
385705
387142
387071
386269
383720
387611
387568
385895
386935
385230
387071
387333
386131
387297
385630
386406
386540
387069
385674
385747
386190
387966
387072
384985
386179
385229
390731
386621
385553
386653
386271
387893
385406
383843
387501
385789
386754
387871
384620
387451
386048
387148
385990
384774
387916
384890
385745
388476
383012
385033
384890
386187
383451
387640
386182
385045
387927
383100
384937
386512
385230
386130
385589
385456
386057
385134
384484
382830
386500
385121
383942
386348
385933
384809
385730
386673
385737
387880
385200
385151
386787
385147
385885
385650
385274
386384
387653
382798
386532
385230
384348
387897
386349
383464
387153
385613
384851
386887
386031
385477
386387
384569
386462
386230
383924
385892
387642
383005
386291
386254
384130
387751
387454
385630
385430
385695
386360
385302
384787
385370
386720
385537
388637
384963
384469
384376
389429
385056
385349
385090
382571
386590
385512
383015
385405
385749
386149
386728
384698
385106
360098
387225
384494
386488
386051
383859
386613
387415
308178
384086
386540
385742
384071
387292
385630
390941
388099
389486
385224
387516
383676
387015
388485
384197
386851
384918
386092
386205
385096
385348
386508
386071
386435
383795
385785
385512
387589
385280
386512
386075
382282
391179
384840
388025
386968
386657
388223
387401
386018
383815
385334
387979
384225
387158
385704
383771
389763
383642
387321
387402
382465
391528
385100
385714
385293
387071
388538
386721
387327
385826
388579
384906
387120
385889
382333
388867
385625
384588
386617
386221
386734
387312
384291
386614
385789
385375
385675
385736
382868
386361
386711
383122
386998
385446
384992
388802
384961
384788
386529
385769
386088
386195
384604
385490
386902
386489
388576
384861
387353
385071
385051
387655
385304
384523
388724
385653
386204
384832
384407
388132
386830
384800
385151
385107
384025
388248
384998
383462
386851
385494
385283
386403
386027
382763
385714
388382
386043
386416
385144
385851
387865
384296
387277
385486
384984
388485
384382
387881
385089
384564
388106
385768
386736
384938
384503
389130
383601
384702
387065
386910
385524
385507
385594
384990
384682
387771
386234
384251
384663
385356
577073
387717
385620
388446
386242
388001
386138
384502
387358
385809
386795
386827
384613
386178
384749
386779
387574
385013
386533
385635
387153
386769
384702
384013
386214
387237
384465
385805
385206
381131
388829
386572
384000
386907
383761
387996
387560
384692
388362
383784
386430
386116
385524
384126
384739
387917
384472
386407
384463
381310
389449
387039
383245
387545
385940
384480
386669
385505
384086
387144
386799
386090
385244
384964
387269
385904
384922
386507
384874
385534
386145
385249
384131
387048
386943
384826
387160
384692
384405
386938
384469
384540
385215
386091
385917
387609
384686
387210
387205
384333
385435
385999
384508
387421
387129
387115
386649
385046
386723
387173
386189
385356
383592
386979
385959
384097
387466
385154
383695
390413
384438
387237
385128
384690
387964
385767
384466
386456
386033
385430
386895
384233
384423
386396
385102
384551
387683
386366
385683
386757
384054
387403
385597
384570
388594
384015
386286
385916
384692
388151
387550
386753
386685
384374
409774
385294
384441
385174
385513
360728
383358
386994
384451
383259
388194
386976
390912
385549
387343
387854
387717
386308
383341
387461
386758
385459
384975
386351
386495
388483
385709
386574
383739
385948
388597
383785
386411
384463
384538
387599
384722
384077
388130
386177
385430
386945
384700
386678
386158
384173
385872
385688
384120
384706
388348
384196
387214
385690
385733
389792
384823
387943
384446
384889
388732
384014
385931
387393
383828
388954
385005
384287
387230
386419
387832
390592
387655
385610
384717
388699
384451
385427
385516
384460
386453
387317
384544
387562
387051
386789
385214
385752
387288
385948
386072
388081
384149
388865
383569
386771
387921
384742
386698
385779
387600
388801
386512
386476
384082
388881
385769
385789
386328
383451
389259
387020
386240
386730
384164
389799
384563
385234
385931
384481
372049
383938
387462
384381
385635
388184
386969
385717
383844
385733
390089
385169
385836
384693
384503
390508
383773
387733
385938
381814
388248
384482
383903
385718
384280
388016
387243
384776
384148
387692
385501
383482
386751
385270
385204
387892
385182
386933
386189
385254
388127
385012
385454
385547
386507
386138
384512
571338
386792
387387
386353
386178
383938
387035
388362
385366
385164
385344
385808
388000
383835
387359
385025
383700
389558
384915
384459
386316
385225
384771
386795
385614
385588
387200
386493
386527
384871
385501
387301
385936
385205
384716
384732
360160
385546
385225
382832
384728
384944
388282
385806
384240
385273
359902
386338
384309
384499
387666
385394
386341
387853
385533
386570
383078
387631
387303
401267
392345
577875
378842
384622
388123
387213
385848
388055
384190
389301
385446
388065
386923
386948
386676
384279
387238
384707
383276
388398
385981
386118
385573
385015
387217
386610
384048
388665
385312
388085
386372
385275
387264
385504
385343
386512
387399
387103
383380
387574
384602
384728
385482
385865
385487
386581
385153
384680
387764
386550
385993
386067
385471
385191
386456
383406
386862
385245
384673
387210
386016
382265
385310
385786
389852
381184
385286
384931
384663
392284
387107
386331
383155
387558
388587
387575
385229
386611
386823
385150
387841
385295
384097
388435
385538
386728
385066
384533
384306
386973
384383
280288
386133
386547
387107
384905
386829
384625
390974
388646
387801
384124
388784
385474
385855
387274
385130
386559
386637
386005
387969
384610
389932
384751
389604
387398
387082
385775
385425
388904
384191
386611
385045
384322
389833
384733
388469
385490
383707
389930
385127
388119
384765
385912
388988
386086
385579
386537
385886
388282
386827
386182
384948
385425
387820
385013
386982
385267
385955
388375
383784
386311
385945
383065
390845
384426
387714
380224
384743
386401
386646
387859
382694
384830
386276
384932
382814
386837
385404
383818
386801
385963
383043
384349
387219
386791
386206
384485
384127
384608
388022
385245
386971
386877
384392
389146
384415
386918
384926
384902
388198
386072
383738
385730
385491
385715
386388
384976
383220
386654
388410
385165
385116
385032
384138
389146
384480
386038
386372
383243
387081
387390
382738
385368
386676
387717
387266
385716
385142
386250
386790
384758
385846
384542
387293
386312
383269
387165
385367
382952
385127
386215
384776
384166
386527
386406
384410
386167
385224
383558
388585
385041
385115
385499
385533
384974
386839
385138
385888
384549
388860
385995
386258
384247
387985
572572
387369
384904
386480
387684
387803
388261
385144
386717
385271
387192
386517
384503
386615
386029
384821
387872
384324
384091
386582
377815
384128
384420
383205
384858
388217
384524
387498
385440
382600
389770
387138
386230
386756
385651
389531
383104
387645
385515
383247
389320
385212
384692
386882
382996
386333
386791
385675
383456
384485
388122
385086
387117
385047
384465
388218
383543
384509
386257
384146
385825
387310
385067
384502
385436
387387
385606
385623
384593
384077
390569
384359
386953
385329
380914
388696
384997
383149
384118
384680
389540
385867
384673
386012
384967
386550
385303
387415
385825
383219
386262
386713
383448
386312
386938
384368
388067
385959
384930
386476
385141
385776
386704
383984
387461
387389
386209
385635
385312
386389
384535
385635
383926
386110
386687
385107
385616
384867
385469
389000
383649
387703
385368
383881
387769
385660
384086
386518
385314
385887
387656
385275
386800
386148
385879
387778
384669
387343
386146
385097
385849
386470
383245
385040
388471
383846
384972
385303
382737
254476
386969
385952
385856
384749
388136
384644
377083
389205
572635
388526
385071
387819
385607
388661
384471
384976
390451
384262
387143
385894
384233
387998
384391
386761
385035
384507
388302
385932
383018
387138
386196
384625
386842
384318
383237
387145
387319
383276
386674
383890
384423
384233
387535
384249
384687
385764
386924
384755
387793
384715
384323
385425
387927
384804
384841
385487
385646
386075
384305
384036
386074
386469
384338
387089
384924
383545
387820
385682
387635
385805
382896
387447
385589
383794
386454
384255
384699
386323
385933
384301
384367
387092
384641
385487
385263
385087
385456
387239
385841
386561
385791
385526
387441
385757
385000
385731
386419
384506
385291
385048
383923
387844
388266
364386
387799
385793
386236
361650
386035
385944
384251
363310
386464
387665
387512
386415
385701
384357
389784
360279
386910
384586
347768
387339
385034
386594
387533
362790
386815
388858
361085
387453
384743
362133
362675
361082
361832
386469
366830
385524
388025
369196
363820
362760
387311
387194
385674
386093
361090
385602
395810
361486
363097
361255
384948
388141
388943
385030
389060
384381
387620
384948
362253
386246
386956
363560
99536
362474
386353
387799
361033
387255
364056
361354
388033
361444
367227
388543
385751
363476
361667
386371
386452
364208
385902
363028
360446
385957
361756
388322
387465
362805
385875
387732
388269
385531
384965
388478
363521
363133
382977
385952
363523
386698
387671
385071
387815
384200
362493
363485
361305
386914
361131
385074
389657
384198
387153
386384
365353
387216
387671
361084
362733
385269
385972
362858
360925
361307
362012
385405
388759
385470
364160
362189
360539
558341
373314
360747
388294
384012
385608
386781
387463
364376
384952
386902
361297
385421
389150
387396
386692
386372
385950
385869
361679
386751
386073
386252
372841
361276
360897
387164
362915
384625
385437
387391
386110
360624
386789
384825
385647
365304
387132
362354
359359
362696
386518
386907
361319
361319
362270
363887
387131
363834
385224
388149
387954
361765
387188
361189
383697
388079
384661
361488
387102
362971
363384
385769
362317
361974
384808
364800
383393
386165
361082
385717
387759
384994
384774
385752
384729
373037
385171
362791
385201
383635
369164
361230
388702
359640
385936
364405
362415
386148
359507
387896
388383
385711
100045
361955
386509
385727
361224
362306
384829
547625
389029
386797
387732
362096
384923
388338
365878
362733
362127
361839
389844
386319
385413
384653
386337
388719
363661
361971
363439
386906
363932
390015
386628
384946
383425
360907
360800
386056
362485
384030
362085
387654
385133
362118
385828
385844
387605
385888
362450
363764
384365
387761
386071
388750
385491
385938
361614
361116
387205
361666
384482
386287
377158
362554
387815
386615
362704
363374
386347
359778
364963
391656
362447
362794
388556
385589
386823
385246
366419
384404
362732
387965
361224
364247
384887
387554
361867
386431
389089
388070
363504
360901
385748
359746
363196
385626
387634
386066
361896
386400
384940
387951
387586
388056
387013
387611
385155
359196
367870
385086
363575
386728
362723
359788
385484
362594
364482
359838
386294
380202
385340
384841
385315
365046
362441
386148
361806
362718
387615
387523
383898
361062
385917
388242
361769
362272
362781
360706
359791
362670
362224
361294
359599
364125
362856
383835
362508
387899
386229
388863
361366
387942
386530
363382
385642
387581
386756
362830
387266
384507
362395
385846
385712
389140
361132
361579
384753
386089
388139
384120
387318
150207
362890
362517
-------------------------------------

