EAL: Detected CPU lcores: 20
EAL: Detected NUMA nodes: 1
EAL: Detected shared linkage of DPDK
EAL: Multi-process socket /var/run/dpdk/rte/mp_socket
EAL: Selected IOVA mode 'VA'
EAL: Probe PCI driver: mlx5_pci (15b3:1015) device: 0000:03:00.1 (socket 0)
TELEMETRY: No legacy callbacks, legacy socket not created
Count core: 1
Number of queues: 1
Connecting to port 0 with 1 queues
ip: 192.168.1.1
server port is 8080
Expect the server to change the location of timestamp by 20 bytes
sending ARP requests
mac address for server 192.168.1.1 received: 9c:dc:71:5e:f:41
ARP requests finished
-------------------------------------
498808
498463
497395
502443
502389
501305
502319
497924
502564
504097
500525
500933
501218
504679
497305
501559
501804
502711
502202
499477
501753
501412
503651
497546
502192
499605
494958
498784
499072
501255
500177
503223
501586
500311
503293
501047
500719
500796
499293
497804
503638
502470
500950
500759
503390
502584
504609
500311
503521
501569
500458
499533
503241
499137
501042
503128
499948
500422
503646
499277
501082
500661
501815
500384
498592
499132
696056
501197
506693
502007
497574
503440
505313
501116
502132
500145
506639
500687
496771
498764
503315
499591
502005
501892
500604
499655
492010
499876
499594
499077
495772
502125
499231
499611
501037
502553
504498
498075
501298
501980
498852
499532
504249
493203
501729
499629
498171
498492
501033
504005
499312
499674
501171
504145
499374
497976
502730
500167
502835
503073
501643
501123
500609
500361
498613
503369
497898
500510
504138
498060
503628
502956
501630
501462
498790
471275
497793
500684
495143
499243
500869
499451
502394
499557
502313
500954
499071
502911
500815
498017
496228
499428
502023
499084
501212
474557
498026
504174
499185
500784
499632
502084
497472
494198
498246
490748
492435
496971
497560
500723
502243
503781
499281
505646
496613
501251
502010
499430
501830
499683
501157
501342
501504
498823
500326
499757
499302
503015
500850
501865
500270
499497
503122
499803
503279
501590
500395
502104
499231
503215
499769
505752
492943
499770
505076
497843
498602
500854
499928
498988
502567
501153
500143
501486
495767
501687
503002
501747
698143
505579
499257
504564
500144
503016
501866
500259
497938
500845
499910
495113
500418
491307
498705
503048
503229
502968
658476
493981
502429
502181
503464
501688
500800
502723
499743
498695
498114
500777
500302
498218
501494
501213
498621
500665
499740
502866
505435
495130
499614
501199
500440
500800
500079
501663
501426
498158
502500
500586
502306
496460
500904
503181
499746
502856
497921
501228
501469
501788
497022
499020
504974
502370
503926
502569
501793
504225
502601
500350
502938
499269
502092
504186
500947
503064
497189
501651
502624
502603
502187
501637
503548
504634
502792
503453
504845
505749
498038
501236
503841
502092
502131
480430
501041
505174
500062
501605
504897
503456
497464
503841
501682
499923
501821
478434
497332
500324
500885
504582
500847
502317
498482
499927
489502
497794
504095
499424
501944
499733
502935
500392
506530
500805
501310
500225
499399
503934
501951
501019
495998
502993
503446
504577
499780
502659
500419
505357
499964
502676
502777
499825
501867
498866
498591
493143
494483
495800
503107
497329
492682
496476
497384
500612
493715
497627
499619
493902
443911
503087
505826
500979
500418
501341
502812
502265
500546
500958
502716
501848
516364
490750
499848
504672
502552
502725
505020
502090
502387
498116
502101
502313
504709
501353
500907
501479
501075
477507
497957
496790
500493
501102
501397
501528
504827
502221
500059
499955
502372
503324
501885
502186
501936
496831
499628
503774
502618
499307
500761
502204
501707
502773
500425
499154
498727
498379
501830
502089
499584
499358
502820
503479
505669
501960
501455
499733
496584
497241
501189
502569
502869
500615
502981
505579
503243
500754
499539
499863
506062
497661
501477
501558
501026
499689
480473
498427
504537
501805
502267
502964
503078
497287
500124
499789
500014
504309
476058
499134
498904
500208
499861
504975
500302
496833
501837
502452
502461
501612
499931
504841
498557
500740
500830
501538
502420
496378
501933
502200
500589
502462
474255
497950
500925
499972
503702
500220
500138
497410
501221
501855
500969
501634
504267
494670
496882
498994
496960
502119
502499
500672
491250
499371
504744
501895
493179
498400
492917
498132
494287
502168
491787
505870
506709
506627
477770
505518
509259
505080
504996
500682
497956
501183
504455
500024
502543
498782
502110
504673
500129
502441
502825
500958
501602
502515
502128
498159
501844
502278
503437
502112
499799
501630
506772
500454
498728
500024
501917
502584
501078
502235
505389
499820
502693
501236
500159
503040
497337
498179
499684
501843
500621
500120
506210
502834
503092
502659
501444
505264
502688
497282
501167
501116
500164
500979
501663
504812
500061
498267
500771
500568
501874
498900
500786
502332
499728
503687
501136
506432
501012
505505
506930
507492
506001
502341
503024
496323
502395
499575
498677
501492
504880
503517
501306
501591
503825
504488
497550
502271
500677
501420
499933
502958
501653
500226
503966
498174
501656
498418
498820
499644
503167
502163
495998
499029
501788
500025
500369
502854
502197
499206
504435
503295
500436
500002
497653
503114
502186
500633
500871
499847
501774
500030
501682
499973
502871
500195
495667
502235
504102
501129
501528
500366
491603
502180
500356
502470
500939
505215
498758
499797
502554
500466
502259
477537
498738
501208
503103
502366
501207
501651
499260
499353
501134
499282
501833
500225
497851
498803
502508
502685
502972
502328
502057
501376
498515
502234
504180
504963
503597
503759
502784
502801
503716
499857
502051
506415
501266
500038
500288
501529
501456
498374
499314
500979
501605
503375
503038
500845
501371
498748
504243
502733
500932
497978
501128
500855
504540
502182
498928
503382
503109
503470
500687
500478
501122
499367
499571
500073
501192
502860
476803
501171
499523
502576
498689
501109
500966
500723
500173
500610
501883
501354
500912
501298
501526
499131
499517
502069
501544
499258
496148
499328
501378
499907
499866
500462
500723
504287
501580
498045
501460
498374
498387
499626
502148
502102
500933
501509
504379
500827
501333
501775
500837
502738
495336
499237
501823
500209
505565
501308
501360
500144
501284
504481
502059
500357
496308
500318
499415
503425
497730
502409
500830
501092
493899
497186
502735
498548
501015
499969
502673
502446
495926
498071
499825
502794
497350
504411
470428
497141
485591
500953
503723
503861
417859
498172
749533
502672
506693
499672
500677
502026
502228
501306
504887
501940
489158
498040
499524
500493
498017
500284
500842
500525
504325
502054
504624
500615
501210
503664
499629
501852
502180
501374
500865
504845
500894
501997
501381
503673
500981
499872
500537
501419
504330
495871
502617
499777
501003
501892
499343
504121
500415
501421
499964
503546
500670
496364
501242
501754
492735
497979
502048
490524
500774
501571
501156
502198
500317
500905
504152
497445
498009
497743
499353
498487
502733
501232
499172
500806
500617
500235
500249
502104
499849
500452
499123
498872
499630
503691
501801
500904
499138
502336
503374
501631
499728
501148
502826
500633
502733
498137
500767
502073
500603
503160
500512
498658
501134
499682
501598
505475
496849
500059
501901
505000
499803
501577
495336
502933
500097
501132
499975
499403
504588
500331
499696
499928
499900
500529
495491
502874
503037
503189
500261
499925
505253
504222
504591
502550
504437
506138
507296
500647
-------------------------------------

