EAL: Detected CPU lcores: 20
EAL: Detected NUMA nodes: 1
EAL: Detected shared linkage of DPDK
EAL: Multi-process socket /var/run/dpdk/rte/mp_socket
EAL: Selected IOVA mode 'PA'
EAL: VFIO support initialized
EAL: Probe PCI driver: mlx5_pci (15b3:1015) device: 0000:03:00.1 (socket 0)
TELEMETRY: No legacy callbacks, legacy socket not created
Count core: 1
Number of queues: 1
Connecting to port 0 with 1 queues
ip: 192.168.1.1
server port is 8080
Expect the server to change the location of timestamp by 20 bytes
sending ARP requests
mac address for server 192.168.1.1 received: 9c:dc:71:5b:42:81
ARP requests finished
-------------------------------------
503384
520538
518865
518209
520040
487407
519976
488351
521355
518453
516234
518158
518607
521429
517884
517864
511196
513888
521958
489495
521969
519044
518067
525024
519091
517106
520078
522476
518196
517183
485049
523803
522907
505820
518241
516485
514881
519330
503119
521677
484917
486159
484250
524059
522794
519461
522253
501791
520768
485321
519439
512040
524757
485125
520570
522216
484788
521585
523019
485670
519060
506330
512452
484646
521955
515317
518908
520032
524135
516441
517696
521813
521894
520143
516458
515446
523203
523445
524195
515044
519896
518510
516997
520046
518688
519782
484317
514894
342798
523991
522841
518712
519466
504450
483458
481686
519804
520771
521112
519139
521855
520251
522053
516789
519448
485456
486265
516230
519157
516001
487317
509523
520149
519732
514552
517092
484493
520133
522943
521258
527514
511096
520830
519699
522481
513475
519712
524221
485825
520767
484487
520320
519471
485989
489826
521469
523225
523400
490179
482992
518238
522374
523504
524780
612312
507296
516899
516068
523160
520574
520107
521721
518490
518297
520574
523504
517533
514703
517348
520831
520902
487692
488211
520625
487510
525590
520123
516453
518437
519278
524388
525225
517695
519692
521099
517863
521700
519913
517500
518226
516831
485835
515869
518709
519938
487307
512730
525630
511269
484445
503241
518717
518866
521770
518600
517938
520707
522597
518057
516871
517821
517630
519220
522375
520639
521472
519046
515835
520332
520986
518426
519310
519885
517066
522737
520712
521294
522297
519689
518661
518683
519370
520557
521200
517394
517454
520647
521234
520956
484721
517824
518591
276774
486554
485494
519621
483851
491707
521985
519174
518656
522460
487335
518209
521107
485389
519508
523476
483499
523686
523166
519593
516513
491159
520112
516293
520948
524123
516893
517103
521138
486651
481156
521177
518890
520950
508455
522320
521757
513352
514041
526677
518779
518742
518449
487550
482169
517435
519308
523471
524534
521238
488933
525068
517887
520032
518643
521749
632691
483487
485288
516147
523138
518979
518561
519799
486291
519430
517503
519070
528143
515551
517653
486003
514302
489028
522447
520169
490757
519466
514986
521043
514584
522873
481564
488017
513448
517997
517133
518121
520314
516097
503556
519608
517743
486214
519937
515346
715197
515933
519533
518718
516476
520189
517512
524194
514138
517829
520938
520417
523741
520723
515661
524550
522766
513419
519089
483535
522277
487597
480184
517933
521422
517588
482698
521780
519425
519878
525292
515790
524667
522464
522082
520335
519344
503275
523704
518149
516991
516638
518161
518287
451400
519194
525184
520468
519091
523964
523058
519018
514788
486061
520787
522661
521456
518888
522861
518756
499695
519617
516973
519180
527327
522305
485402
518946
517153
518589
514721
519246
515997
491927
521844
517487
520879
530531
517940
520134
514180
519912
522015
522723
486368
514733
519918
517462
519918
513752
518405
515124
487983
513637
523832
519260
520089
517376
518045
522276
513391
526079
518340
517763
519551
522286
518662
519005
517388
519046
515484
518963
518153
515270
518911
523082
520005
512244
521553
520498
518863
516859
485548
520035
521414
511370
516461
485706
524687
518064
513428
486206
521150
484311
521364
518482
517827
519408
519671
485319
504861
514521
504711
521441
520728
516612
510965
518578
484959
526263
521752
521656
521435
521186
522080
522835
521815
521343
520207
519668
488578
515792
518980
523037
519948
518634
488569
519000
483721
491627
518473
487271
485233
518259
519745
529262
521461
521225
484720
523045
518187
519451
520835
519143
486574
521923
452953
511548
449352
518800
529747
518832
518063
518060
522714
486092
514521
521203
519853
488575
518741
489800
523131
518215
517153
491546
523746
522264
519802
521758
485731
483520
518455
514569
526341
518406
491558
519421
524627
480221
518820
514856
489021
517508
514985
521759
516667
516571
522361
526544
521256
517946
521529
484887
521975
519127
518832
523065
523743
521012
517970
521397
520102
518868
519886
519856
522102
519452
519347
519870
521051
522230
486046
517506
524444
516464
521224
518021
518897
522607
483958
517072
520512
490365
519260
520079
483784
483174
485402
492037
485447
519178
523285
518162
517186
521321
489174
518762
515982
520961
486015
516241
520982
521411
721750
521719
512915
515477
523519
517141
518803
523369
515988
522246
522237
515867
487312
518010
522762
519125
484598
519087
510679
521843
514799
518764
524606
518878
519356
516924
516815
519615
520017
520753
520517
518001
513865
518560
484253
518527
518389
488302
515405
489863
518235
516637
521452
522407
520051
518080
486764
519682
518889
513739
517204
519707
490851
487915
489301
520710
521178
517875
526154
519066
518814
521979
524700
523668
484709
518609
520513
522116
523769
490774
516331
517254
519397
518931
520896
520475
515753
521727
489025
519164
520430
517444
517841
481393
525354
517784
515754
524595
519463
518900
518597
522307
518421
488161
513300
522844
561145
515309
514553
483586
520051
484723
514345
483821
518455
488672
486462
520255
511733
518234
491595
517097
518968
486189
484567
487997
518690
518709
526928
516859
492228
480667
483158
523923
521493
520516
514602
521702
513649
485713
519311
524692
489786
518851
520661
481913
715058
521828
514656
519867
487398
518261
520742
517227
525376
520617
515083
517227
521974
519965
522279
517949
518960
521582
518629
518418
519120
487897
484819
519946
517046
492303
518262
518398
515814
537100
520807
521136
521576
521773
521622
527035
525822
521251
521684
520128
517493
519505
527718
520057
486394
515605
485716
524666
520515
521337
517462
489464
521034
518946
522285
525553
481969
513526
493859
520642
520314
519790
516382
520334
521193
517479
522798
483770
521535
520108
484813
522254
522704
517866
519488
522501
518505
520758
520430
513741
521522
483925
519892
513910
484378
522153
523082
525131
516309
524543
516629
520736
518243
524137
724769
526423
521885
520553
523205
518206
513438
521781
515003
518810
519507
521656
516989
516633
522828
519487
525724
522082
519677
519485
517682
522602
520328
482712
486468
519377
523078
519931
517123
523703
516794
520312
521663
520625
489655
518646
517364
519423
523677
519972
515179
520474
517784
517348
472766
520103
521473
520794
518621
521528
523866
521148
520511
520596
521075
518492
517548
518961
521676
522892
518107
520916
518559
522680
526663
523620
516437
486789
520229
509369
487898
487775
487084
517974
497453
524411
524174
490338
490810
522557
522115
518123
522738
522741
527056
524727
518825
488615
344781
524665
491352
523239
520222
526273
521740
524850
522918
519585
518605
521514
526982
525748
521340
522677
523053
487830
486344
525107
529837
527166
519243
522018
525281
520223
523795
526220
520584
491097
524051
520635
523882
522738
492637
521708
485348
524469
520569
523040
525294
521790
527043
520426
520600
519128
523448
521324
520102
523548
489395
521913
521351
522435
517534
521451
486336
485389
523623
522512
520256
484200
517920
488651
521531
518169
517827
522537
520487
493531
489328
521723
521361
520853
523701
520574
489649
519071
522172
518615
520905
520291
519849
519523
523380
488056
524913
520673
515231
517238
517496
521502
-------------------------------------

