EAL: Detected CPU lcores: 20
EAL: Detected NUMA nodes: 1
EAL: Detected shared linkage of DPDK
EAL: Multi-process socket /var/run/dpdk/rte/mp_socket
EAL: Selected IOVA mode 'PA'
EAL: VFIO support initialized
EAL: Probe PCI driver: mlx5_pci (15b3:1015) device: 0000:03:00.1 (socket 0)
TELEMETRY: No legacy callbacks, legacy socket not created
Count core: 1
Number of queues: 1
Connecting to port 0 with 1 queues
ip: 192.168.1.1
server port is 8080
Expect the server to change the location of timestamp by 20 bytes
sending ARP requests
mac address for server 192.168.1.1 received: 9c:dc:71:5b:42:81
ARP requests finished
-------------------------------------
562271
572477
579820
576504
570468
580381
579097
549096
554574
562179
558990
560938
562810
561924
563400
566391
558613
563777
567769
559454
556419
556143
559700
562558
564870
562168
563032
554276
568032
526717
567126
554420
530859
566889
561849
561666
565758
530049
558293
562409
564548
569919
556885
565841
563429
559600
562309
574206
557766
572893
558184
562525
562425
568477
564284
552720
559798
568020
561979
572645
564928
563700
566621
526484
572403
570336
571541
566338
571925
569551
566379
570179
561400
573064
564723
527875
576111
570130
562892
567613
568690
569860
558850
564015
570183
569287
563857
567082
566126
566828
571858
565249
563610
567621
564030
572594
576532
564148
570842
565427
563266
562205
573507
564732
571300
569692
563558
565197
536948
575368
565003
563142
571863
567473
566837
565675
568158
560675
570074
563377
526116
565015
568378
570037
565976
562410
576172
568916
571364
563087
572657
566063
573726
567278
565783
562308
573350
570966
571704
568461
567666
566423
565840
561764
531762
567913
560669
571384
563791
570546
568067
572274
570866
577590
562788
565358
567160
562944
568733
552684
569460
572945
573158
570918
563373
575015
566860
578400
572141
570015
380226
573306
364958
569369
569333
572713
573244
569717
579363
574717
574631
574351
570872
572535
569263
576067
568763
575307
575036
576852
567783
580252
572085
573564
574643
574236
775157
576450
566409
573431
575743
569474
573715
575102
579764
575043
580506
572051
569920
569234
573491
564555
573710
569933
574111
533898
576180
581646
581443
566629
577533
575043
573001
576511
566886
570682
578448
572676
577127
569230
576181
571979
577346
580749
570636
576531
572632
577327
573933
574048
571794
556772
576658
576179
658630
560780
578574
567170
570616
-------------------------------------

