EAL: Detected CPU lcores: 20
EAL: Detected NUMA nodes: 1
EAL: Detected shared linkage of DPDK
EAL: Multi-process socket /var/run/dpdk/rte/mp_socket
EAL: Selected IOVA mode 'VA'
EAL: Probe PCI driver: mlx5_pci (15b3:1015) device: 0000:03:00.1 (socket 0)
TELEMETRY: No legacy callbacks, legacy socket not created
Count core: 1
Number of queues: 1
Connecting to port 0 with 1 queues
ip: 192.168.1.1
server port is 8080
Expect the server to change the location of timestamp by 20 bytes
sending ARP requests
mac address for server 192.168.1.1 received: 9c:dc:71:5e:f:41
ARP requests finished
-------------------------------------
425576
434470
433489
432552
433556
432060
436843
434952
436997
437255
433251
432545
432257
435973
436411
436893
435307
437030
428184
435912
432190
433690
437519
431136
438798
432461
434597
435605
434507
437489
435276
435313
429047
436789
438175
433656
432000
433282
432729
432207
438031
432903
433780
437248
435420
434299
431671
434527
432706
437954
433774
436561
429581
434280
435480
434429
435961
433112
177005
433325
433368
434826
437432
435215
432557
434824
434977
434562
435710
436612
432985
432006
433820
439268
438041
436209
435019
435264
431617
436143
439482
633846
435049
434843
414672
433312
434142
437817
433869
436249
435907
436264
431938
436540
435512
435931
435536
435225
435916
433074
435062
436360
436210
434108
435300
440073
432517
436424
435618
434157
435394
412340
435284
432149
436264
436265
434448
437037
434865
432417
438955
435916
437324
436006
437284
433944
431991
435613
437297
434742
436163
436109
436120
431839
435028
437710
433850
438014
413786
433877
436027
434794
437801
434039
436516
436702
430011
436057
426436
434398
437866
435820
436488
432761
437897
435965
435419
436490
432501
438747
432684
436360
436769
434892
436222
413022
431958
433883
437544
434806
435804
435247
433836
430507
436358
435813
434828
436441
442312
434276
430111
437696
435574
436900
438124
438578
437235
429538
439956
436525
434049
437041
433521
437324
411798
432332
434442
434317
436583
436800
432256
435851
437464
434756
436486
413194
437176
431421
438971
436019
436803
434049
412343
434246
432891
435662
433382
437882
436870
436696
432069
436932
436458
434096
436979
438769
439259
430514
428186
436111
422477
421492
629293
423305
434738
435646
426070
431816
436067
432574
437565
436027
435437
437745
414828
433110
432618
444594
433184
435572
438433
437284
436065
434926
437453
436745
436177
438066
436008
434288
436120
437586
436010
440441
437167
436312
432315
436950
437877
437376
436184
433749
436164
432451
435482
436171
438427
435654
431517
441427
430871
437072
436577
435031
438304
436378
434893
435291
437067
436196
438263
436451
435030
431625
435577
435669
436178
435702
437487
436548
432808
436673
436769
434978
435994
437523
435876
433654
435938
436551
438000
437193
413390
434986
432674
433948
434554
436733
437583
434099
430289
436825
438435
433784
436170
433525
437304
432363
435153
436392
435578
437624
437081
434495
434483
437389
433226
434477
436910
435896
435247
431392
437348
437415
437283
434934
435658
429266
437776
435744
437277
436186
437441
436164
434237
316208
432245
435999
436136
436433
442046
432353
436025
437119
436029
438843
438770
433191
436584
437877
435625
438671
435123
437654
413847
434508
435337
437575
629263
479028
427797
433961
432913
435507
437294
435474
434962
433896
436514
432851
434128
437023
439050
436027
437936
434287
431610
439249
437590
436035
435596
437811
432675
435758
435717
434429
436926
433906
436829
431251
437362
435008
438235
438878
440715
434615
433602
438074
435653
438820
435155
438711
432766
432253
436220
439623
437466
435919
434789
437435
409977
438123
435179
436725
438205
434202
431204
435343
439272
437520
438094
437242
434981
431969
433797
437270
435251
436178
435162
437321
431848
435800
436616
436066
435718
437801
436287
411113
433753
436379
434642
437154
436542
431436
435936
436508
436552
436872
434821
436476
443968
426940
433598
433841
435230
438748
437241
431217
435049
435838
439415
433941
437089
434793
433326
435735
437768
433470
434748
433634
432015
436307
438207
434808
436489
434540
435345
432378
436688
439901
435516
433932
437726
436008
432907
436033
436476
435087
437773
432070
438781
433205
436338
432692
435553
435458
436015
434099
435530
439112
436891
435722
436420
435482
433717
429266
440376
425936
436450
434219
438047
437577
436392
435364
433907
436699
436964
437348
437605
436038
436276
411594
434112
436110
439846
438206
436587
428152
437567
434284
437856
437321
433786
439071
431317
436493
438302
436157
433340
437177
436409
432258
438656
434691
437574
436281
433521
436752
410524
433680
438205
436335
438578
434852
432507
420662
432925
436519
434808
436469
435374
432665
436353
436195
436317
438053
415959
431780
429820
437892
436374
435327
436512
435579
431320
436959
436746
436027
437280
436400
437164
432433
435841
436096
436564
436558
437413
435653
435025
434969
436498
436009
439371
437204
435954
433297
435441
438801
437605
435636
436476
434832
411277
434155
436851
436374
436367
437099
431819
437769
437644
436514
434994
436523
436571
432888
436800
435030
435811
436448
435051
435969
435705
440016
434499
439475
437010
431980
437146
413412
384199
435263
437861
435491
436679
434378
437097
438000
435612
435790
435326
438988
435683
435963
436955
437869
436431
432387
435615
434283
438829
436645
434879
632862
453015
638000
436272
437552
436386
435220
435507
436328
438615
438866
435506
434604
431355
436737
433493
434541
436491
434675
433535
431803
436143
436502
437377
434130
434747
436398
431635
434509
437967
438630
433352
430959
433053
433001
436075
434615
436282
435136
435094
432589
436213
436018
435474
433548
435118
434216
429394
432716
436913
435979
434994
410492
431709
431782
436456
435795
437030
435517
436950
432795
436704
434964
436495
436438
434040
435613
432352
434853
434031
434919
440048
436086
433282
431548
437710
435585
434912
435218
436087
435815
431061
435867
437632
435840
433932
435235
430557
435931
435921
438690
434055
436951
436741
433229
437751
439669
432930
433709
435379
434751
430890
437363
432962
433820
435312
433561
434350
431292
434669
436495
434891
434816
434210
431867
437403
437425
435124
436941
434968
437969
434685
438079
436540
436410
436934
437196
434567
432666
437288
438456
437575
434962
433336
437118
434656
438459
435383
439253
436879
437381
436466
430997
438650
436611
437780
437538
435979
434398
425271
437020
428663
431379
435269
435173
436589
436753
430561
439701
435034
437461
435292
437397
438917
433203
436794
436902
436370
440454
437490
434207
433877
436605
438298
436058
437902
432576
436944
433015
436413
437061
434731
440853
433948
439594
411256
432887
436335
437825
434677
434838
432646
437992
436084
436270
439881
434355
435752
432400
437415
435608
433952
434536
438579
437514
434994
437492
423459
435972
437097
437210
436865
411706
434876
436450
437118
437578
436973
430395
438830
434854
437180
441643
437574
433580
432523
438025
434772
436584
435886
435749
434841
432702
440398
436400
437180
436587
433924
437940
415080
434092
432241
437509
434164
437178
432011
437293
434652
438124
436149
436112
437779
432921
437364
437997
436861
436205
434295
436095
431127
438365
434950
434890
438273
433132
437292
434672
437035
435311
434649
437456
436381
436335
433748
334513
436489
438682
432224
437898
417589
433079
434932
435203
436696
434239
432582
438375
433849
434528
435933
435665
435655
430663
438315
436005
436807
434651
630025
479733
422884
430410
436714
437707
438087
437313
436418
435522
431013
436015
440272
435476
437222
434543
435451
434759
433311
433044
437858
436328
415412
434270
434682
437485
436856
435569
435979
437410
429417
435891
436491
434205
436736
436779
435530
434082
439641
434980
437243
434638
437835
439963
434156
434682
438993
440271
436950
436661
434715
435446
436814
432524
435452
435083
434544
436359
433429
434958
436879
434112
436575
436352
430727
435935
436956
433578
436507
437511
439736
443374
428845
434552
435079
435338
433907
435465
434749
433887
435975
437574
441365
426486
437502
438369
434876
434168
437712
433553
437092
435371
436928
410705
431641
434519
435642
435740
432846
429567
437541
435476
437986
437220
437963
434828
432421
438297
436557
435531
439102
434425
434691
432604
437302
435836
434097
437384
436839
437623
411730
432677
435945
435744
436381
434888
232636
433303
437504
434547
434651
434610
427967
438204
438355
433031
439789
435204
434674
434758
436578
437746
436852
435110
435546
432434
438346
435987
436095
631992
424601
431867
434856
434921
436442
431162
437951
435401
437123
437462
437833
436160
434683
442405
435649
435118
436308
412528
435948
431673
435252
436938
436087
434430
437010
433403
437322
436105
439229
437471
435401
436257
433553
437082
436076
433160
437996
435328
435328
433606
437302
437467
436956
437347
416822
433663
429399
438407
438625
434418
434972
439033
436189
436105
435676
434028
438441
437261
438419
432780
438668
438051
437594
437087
435323
448666
433765
437426
436560
435620
437650
435470
438384
433980
437102
434515
437579
436357
433882
434894
435313
436281
433482
435542
437937
432953
435728
432385
436393
437634
436908
436444
434521
430998
438210
438977
438945
436695
435454
434589
432291
437148
437588
436660
437246
433523
438137
433521
433324
436973
436796
437746
413755
430215
431973
436289
435281
437223
436508
437315
434343
439691
334102
437883
436990
435554
435910
434148
435960
437024
438667
436549
435219
432358
438117
435093
433688
437382
436579
435964
432707
436239
437260
435119
435969
630117
442079
430274
431118
435785
436596
435087
439524
436218
432838
434661
436470
435642
435333
437560
413011
433749
431230
436728
434479
437571
435394
434793
432737
437797
436498
437925
436306
437453
436610
432486
437490
436862
437559
436589
436831
436526
431661
437631
438496
438236
436598
437451
434482
432996
437633
436240
438769
433102
436048
437792
413816
432243
434702
437456
436388
436338
432265
439222
435262
435947
436958
434853
434670
434159
437241
437345
438492
447316
434866
433683
433113
439230
431808
434139
437330
432846
436554
412417
434882
434793
436817
435076
436271
429813
438035
435454
436461
436288
435270
435714
432865
435586
437800
435112
438622
435766
434749
432854
437451
434036
436215
436275
434563
435527
412308
433596
434993
436225
436794
435182
432415
436458
434811
435810
434727
436119
439023
437082
434446
434115
436151
435177
436713
388972
431791
435959
436817
437133
434066
435084
431836
437164
436968
434104
435478
435898
435866
431871
435624
437881
435329
438279
433058
436011
431015
435456
447860
429116
431597
433856
436178
433883
432635
434747
438188
434230
435450
436126
435293
434385
435502
437337
437892
438953
436928
437743
408741
435691
436574
438441
434380
436578
433871
437091
439456
436090
436481
440479
439315
432779
435490
435626
433435
437127
435980
434129
435343
435020
435472
434601
438323
415349
432251
431579
439240
436107
436660
434253
440717
435612
437783
435881
436672
436638
433184
438148
432351
435763
436980
435049
435248
439440
435689
432108
436748
433333
436106
438441
431832
437383
431660
436257
435963
438852
435569
440917
434451
432991
437206
436420
435025
434351
436805
434328
436583
436231
433670
438143
434425
436562
433133
437580
434814
435973
437851
435771
434030
433295
437563
435525
435170
436348
412057
432018
429962
437431
437454
436863
436291
435578
432856
437161
437010
436958
437528
435486
435044
433257
435564
356602
434071
436046
437700
434600
434246
437102
437043
439678
438441
435133
430815
437071
438339
435146
436067
435712
435985
432887
436063
435984
435230
439227
631250
440559
432212
436031
436986
437756
434514
436788
434413
437322
434533
436070
435220
436521
435185
435750
436358
433241
437160
435090
433888
437459
435599
434994
432152
436300
435738
438543
433904
436634
432863
438296
436743
436658
438447
437200
433230
432933
436631
435379
434297
435607
437477
438048
434381
438865
433408
435944
435901
434374
436923
411748
432788
435825
437699
433787
435527
432345
437280
436149
436479
439312
436639
435255
434268
437026
436173
435131
438807
436898
433533
433261
436134
435087
434379
435937
432469
436274
410707
434253
435225
437947
435197
434789
431059
437537
437157
430513
436630
434221
434080
433356
439033
438146
435778
437475
436188
436205
432270
439022
434698
435648
437011
433654
436399
412653
431459
435350
437611
434917
435112
433239
436649
432213
435830
437632
436556
434853
431347
435177
438200
438024
436399
433156
384139
434672
439874
436220
435822
435788
435692
432901
435572
437221
433452
435484
436009
434646
432561
437446
435871
436354
437694
436175
436178
431095
437307
439870
433950
427829
434106
439815
437312
626282
433658
435219
434549
433648
435708
437700
438816
430977
437177
428960
436176
436654
435954
434887
434939
433321
429912
435226
436134
434201
436643
433716
434531
411309
432048
435092
436603
433792
436585
429156
435169
433684
434327
436390
433124
434413
432497
435455
435989
437579
435174
433846
437987
411607
431558
436198
436431
433221
435205
430740
437235
433691
434374
435608
434544
436252
433525
436262
432814
434345
436302
412365
431558
432384
433266
434450
438039
435026
435539
432448
434861
438070
435032
435485
433658
433888
431977
436776
434558
433704
436509
413722
431550
409375
432120
436184
436700
435194
435440
431285
439031
435877
438796
436839
437930
435442
434282
436122
433731
435909
435717
435923
434993
433230
434733
435991
433410
435693
436462
433258
430681
435610
437862
435115
432518
434718
431594
433728
434260
436589
434519
436390
433666
308772
433458
432751
434779
436919
434702
431776
436312
436046
435666
434646
436400
436210
410812
432284
435298
435635
435769
432361
431415
438377
435441
432417
428225
433270
632311
435254
435256
436507
437313
434421
433680
435509
436080
433208
434497
436966
427270
435334
436616
435743
437569
436583
433024
432774
440354
433136
435107
437589
438269
439671
432420
439124
436248
436059
436309
437029
434982
434876
431738
433594
434030
434248
435030
428579
436118
436436
435622
435856
434897
434169
430233
436639
433125
436179
433891
434933
434037
408511
431016
436859
435132
435341
433780
431976
434203
437448
434287
436283
433466
435492
432169
436418
437158
434563
436073
433914
434789
432321
434958
435261
434805
435867
435800
432588
433157
433724
435674
433893
435959
434984
430147
436712
433776
436469
431226
433697
434523
430297
436460
434430
433695
432924
434581
435527
409092
432420
433235
435818
436371
434429
430425
434372
435634
434796
436579
432923
433280
433593
437860
435275
436013
433730
432579
435921
410545
430974
435846
436650
432314
435186
431843
438329
436007
437516
432193
434089
438364
429653
434731
435354
434435
436943
432230
435015
431589
434101
433922
436204
438123
434980
632143
525000
425596
436098
434088
436727
436346
435538
434361
431635
436025
438358
436495
434416
437633
435765
432370
438719
434572
437033
436491
434083
436327
414077
433122
434614
438338
437552
437290
431261
435697
433697
436030
434041
433820
434699
430480
436589
435954
435517
433507
429634
435374
429758
436219
434134
433607
435921
434004
435516
430897
435151
436112
436217
433855
434006
430987
436594
436103
432097
437085
436608
435075
430801
437224
432849
432075
437629
412746
429457
431184
436017
435013
433471
434601
435974
429044
437133
436138
435542
434053
435980
433155
431736
435690
433444
435215
435969
412081
431983
433492
433328
435131
436984
432253
437142
429969
436924
435356
434090
434548
432983
434500
430788
435612
435793
436897
435356
433455
435651
433662
433621
436251
440451
436841
435276
432867
430735
436998
431899
465075
437619
438014
438583
255772
432105
434405
434929
434465
432335
436593
435001
437217
434958
436585
435358
433510
435355
434873
436188
435287
434840
438037
427415
438198
433492
432637
633578
424098
439964
434323
433920
432058
436610
435334
436125
434246
435005
435128
436330
430614
436969
434812
437321
434887
436109
433698
433679
437425
434844
436759
436220
433707
440184
430643
438168
435805
436158
436710
436401
447215
420873
434649
435839
437786
435374
437981
433315
436979
437511
438592
437496
437352
435447
433325
437851
436185
438201
435092
436792
437566
435267
436758
437861
436194
439899
413194
435053
409948
434339
438027
435319
437247
432885
431732
437170
434805
434443
439127
436369
433997
432450
437200
435598
437128
437431
437899
433471
430463
434896
433565
436712
435140
435177
434212
429563
434892
438520
435899
437323
435330
431097
437769
434633
434051
436251
432865
433242
432111
437207
436701
433569
436923
437234
434169
434163
435548
439124
438096
436112
435980
435698
412107
435128
433483
437493
435035
435738
431705
434402
431174
438040
435535
435295
414848
432203
431225
436767
436435
434111
436214
432889
438573
432245
436941
435410
435937
434676
433660
435380
434764
437181
437544
435043
435955
435323
430902
634322
632455
417755
433358
435856
434184
435379
433445
432115
431241
434955
435917
438998
435548
437631
434220
435819
435251
434376
436174
441212
434597
434081
436312
432542
435484
433737
434707
436721
433903
435097
436623
437613
433570
432082
439261
409837
433806
435511
437897
434109
434444
429919
437578
433953
435507
437229
437517
434707
432328
435692
438483
437299
433509
435143
436430
435167
435052
433393
438548
435031
435566
437961
408870
432744
435341
436543
432601
434051
432076
436989
435357
437188
435821
436462
434791
433590
436833
435488
434571
436809
431728
433564
411539
430214
433907
435570
433713
433564
431251
435934
436579
434286
435777
434464
435691
432717
436992
434125
435119
436606
431263
434689
431590
436861
433388
433105
436621
434569
435420
432119
435938
435137
435068
433123
433918
431466
436080
437661
434828
437468
435437
435638
432969
205840
432829
432517
434981
432469
437502
433122
434369
438457
435167
435743
429825
439356
434418
434451
435014
434612
435507
409323
434128
433442
435071
435433
631283
436633
434843
432984
434918
435982
435306
436459
436469
432669
437026
437456
436066
437609
435219
434357
431840
436451
436609
433810
436867
434360
436880
428515
434685
438446
435731
436923
434780
435497
410892
431814
433814
433886
436805
438489
429639
435244
434876
433750
435607
435500
435555
431936
436377
436624
435110
437394
412630
432994
430084
435364
435154
438608
438616
434329
434509
435452
436415
434882
434149
438616
434971
433252
436984
436058
435759
437080
434838
437630
432792
436209
437068
438362
437139
410272
433215
432795
434329
436106
436558
436736
437955
431337
437785
435551
435915
437253
433473
435155
431755
436021
435594
433810
437071
436012
435437
431615
435512
436502
435946
436726
439132
435062
410746
431659
434816
434295
436164
433336
429307
437292
435217
433589
438035
413736
433986
431787
435474
436071
437058
436209
435094
437835
359790
435199
434489
437302
414489
431477
431756
435693
437371
434351
439111
434900
434403
432738
434743
437330
434377
436902
436026
430642
437744
436813
435243
440856
438038
424719
432412
437461
434630
637513
434871
434303
437019
437348
435825
437517
434731
437626
410769
434239
433732
437728
433052
437717
432827
435745
437588
435272
436400
414746
433958
431136
438955
434445
435433
433600
435544
435087
412067
430561
435387
438405
434682
436391
433033
435437
438194
434256
437732
435282
435312
431399
436338
436166
434889
436786
437850
434661
430585
435451
437472
438860
436989
435677
438789
430289
437422
435871
436376
438651
436301
435168
434588
436472
435175
438548
438276
435514
429482
441080
435310
435901
435433
433126
438499
431050
437521
439574
436340
437322
434922
437798
431267
436208
436361
436423
436631
435745
435326
411544
432037
436618
435454
434223
435243
429495
436845
437621
434748
435001
436525
434000
431842
436503
436524
436487
437882
412549
434370
431431
437366
435523
437843
436892
435304
436198
433897
437426
434099
438214
433559
437837
428717
363674
434052
436243
435125
433694
438285
434954
437432
436667
436205
436834
436532
432005
438310
428299
434211
436891
434197
435788
438964
431882
436218
435349
440871
436881
440867
436237
438182
433184
633589
435978
429892
437973
435713
434538
435892
433595
434854
432446
435702
437101
435756
438289
429856
430781
433764
426666
433779
432990
434419
436970
445379
425764
432151
436007
437089
432511
434940
410871
433158
435530
437417
438371
430332
427037
435849
434361
434018
438251
434683
435714
430694
436469
436582
434588
435916
432437
435948
431408
436855
436727
435110
436548
435754
432999
431538
436824
436153
437647
434586
435282
432097
435357
438176
438271
437815
432863
438128
433787
438258
435035
437162
436824
438839
436093
433402
434968
434573
436564
436712
432479
436706
413249
434620
433859
436300
435702
434928
430147
436381
434001
436338
438223
435744
435753
431574
437543
434002
436378
437222
433726
434532
432425
436801
435948
435512
434186
434773
435783
433271
435285
435641
434428
437061
436296
434862
434381
434899
435402
437562
437258
437091
432320
442023
435694
436174
435832
436528
436211
432135
435794
438324
434750
435142
412252
433622
431709
435696
435709
433609
436925
436719
433683
434570
435852
439262
429439
425265
434665
437765
409708
434411
435736
434779
435585
435754
432154
438377
436828
436619
438245
436721
436158
431846
438116
436758
433838
437443
434872
432963
433071
435448
438163
435960
436351
436723
435277
431630
437420
437634
433719
436558
437356
434754
433082
436849
436605
437102
433458
436068
431483
436558
436601
435755
435924
432967
434664
430940
437662
435930
436134
438661
433176
437170
431328
439553
437010
434499
439047
436350
434343
434097
436658
436340
435222
434912
435184
431500
436076
437485
435953
435753
436812
434414
432007
435282
436578
434899
437573
439853
435768
432799
441577
431652
435123
435962
437465
435502
410874
434734
435656
435030
434908
437814
428888
434106
436514
434908
437513
436389
436769
430307
437000
433108
436209
438818
438987
435590
432369
436151
435565
437579
434728
436750
434809
431126
438074
438453
436160
415391
432533
431326
435062
440042
437484
437571
437460
433852
433200
438145
436797
436522
437282
435725
434085
432822
436010
437964
435831
437511
436009
436906
608147
428062
434689
436092
437435
433727
436719
436617
431588
437111
437126
436059
435887
435304
434363
433271
435450
435217
436515
433111
432304
432584
437575
434532
435132
438237
436311
437803
431092
436417
434410
435124
437569
434358
437592
414059
434197
436551
438226
434439
436051
431923
433467
434871
436214
435738
442646
431948
429360
437119
436969
435758
436952
437781
434148
433116
434856
436870
435242
440435
437814
440827
428666
437353
437302
434814
436895
436316
434997
434314
437392
436343
435498
437037
438158
434668
434839
436083
435691
433989
435856
436250
432386
436550
438862
437188
437564
435596
435343
431484
438962
434163
434113
438003
436910
435344
410485
434604
434428
437566
438579
437046
435390
435775
439012
439123
436717
432210
438208
430747
436515
437398
436800
440656
437676
436280
431687
437440
436351
437830
435271
436262
436948
430937
411559
436274
434502
436420
436692
436169
435089
436364
436752
435400
436167
436092
434623
436659
435502
436400
436323
436869
437164
433723
436658
435153
436456
424604
426561
434367
435704
430174
437379
435523
435149
437034
435200
434259
433428
436529
435636
435497
436425
435738
433709
436270
435964
436327
436258
434546
433839
433830
435977
435128
435857
436895
433512
435381
412120
436482
435638
434615
436893
434200
430628
437773
436456
436153
436143
436796
433406
432497
435479
435353
434046
434543
434748
433531
432142
434608
436590
435738
436032
436969
435564
433915
436338
434353
435866
438710
435220
437405
435189
436956
437611
436146
436690
434891
431950
437595
435156
436420
434631
437534
437052
431827
437587
434400
437410
438945
434589
436311
430320
436384
435769
434809
438415
439056
431248
431410
435085
433769
433957
436499
437122
430550
435664
433592
434790
438756
437000
437589
433210
437753
436597
435536
434329
435776
437007
432646
438224
434857
440287
437127
435516
435928
409269
434312
435537
436394
434370
437333
431779
435386
437627
435013
437128
436097
437104
430902
435730
441564
433450
436030
436653
436974
432032
435966
438426
436339
435248
436589
435933
608545
427459
440221
442104
437016
439460
435225
437674
410792
436757
436206
434362
435915
435528
429892
436558
434592
435895
436758
435597
436769
430334
437093
435409
438621
435857
435850
434158
432082
441502
431359
434777
451293
434486
437678
433410
437389
436242
436964
437612
436498
439213
437160
434188
437156
435383
438163
435680
433916
435312
435034
435597
437371
436765
434091
431714
437171
436164
436563
434843
434065
436631
431728
437240
436099
434830
436711
435897
434533
431677
438342
436134
435332
437764
436809
433751
433683
433577
435649
437287
434502
437575
435158
436096
437707
434611
436161
434161
436548
429680
438517
435392
434494
435200
411790
434317
409792
433204
437113
437028
435364
437234
430832
436968
435133
434798
436470
435661
435363
431925
436987
434948
436923
438246
434518
435908
433400
436277
435695
436357
437815
437415
435174
429640
362288
432425
434732
437557
438950
434031
440466
430803
433825
436810
436159
435909
410919
431776
435676
436497
434822
433564
431019
438661
438608
435326
434567
440238
436979
432734
434963
628133
435738
435516
432151
436329
434212
435976
435572
437403
436048
431960
438042
434031
438164
435741
436219
437230
432169
434569
435783
442865
433272
435509
435184
433393
437000
437282
434468
436815
436166
435142
430810
435704
434748
437615
435834
435984
433378
435133
439719
435520
434312
436841
435133
434010
437851
435052
438187
435289
412599
431970
433155
434707
436947
434810
436560
433654
434480
436325
433904
435782
437164
436625
434252
432759
436736
437491
435775
450802
436912
435512
432893
434179
437728
435119
436422
434517
436890
431517
438328
434899
438274
435289
434338
434226
433949
436175
435159
436897
435435
435677
437248
433656
436021
436951
436217
437780
436045
432491
437056
435764
436522
435974
435800
437298
433271
435539
437025
434951
435699
412818
433685
432343
435123
435863
435051
435731
434607
433084
434107
436192
438675
439214
387823
432915
432507
435072
435112
435353
435076
436329
433384
432212
438386
436040
439115
436514
434418
434544
436117
434754
436628
433977
436927
437061
431256
633510
434129
435187
439400
437477
436892
437400
434574
436343
439471
437775
436339
439340
438384
429231
435526
439295
434454
436811
436642
434193
432562
439405
435739
435170
436510
433969
436081
407729
432832
435351
436279
437352
434984
433076
436687
434015
435556
437755
434336
435785
432110
435605
436011
435091
436498
435177
439543
430919
437700
433117
438635
435747
436569
434951
433006
438877
436560
436718
435389
438772
438762
433836
435717
435460
435929
434497
436606
432539
423402
438521
434001
436095
432308
433743
432671
430301
433539
436040
435055
434888
412067
432987
432113
436141
434425
432972
436250
433791
434659
432072
434701
436800
435091
435315
433565
430267
434953
432879
435278
436717
435500
434311
431774
434372
435135
435390
435020
434567
435071
432179
435938
436225
438026
433887
436192
434094
437007
434145
435394
434751
436601
431399
429209
437325
432972
126889
435980
411011
432087
434950
434322
436548
435331
431578
434291
434466
436096
436930
435008
437292
436377
437114
433668
434368
435093
413008
433138
429529
633123
456562
438326
437619
435661
436492
435316
435268
435914
436257
436559
435558
436991
434692
408494
433291
434303
434381
436196
435562
430703
435764
434246
436134
434972
435790
433586
431932
437593
435940
435330
436269
417736
434864
430096
434677
436954
440674
436331
437615
437055
433912
437297
436825
440223
434363
434384
431887
438090
436964
437478
438531
437303
437819
434076
438800
435994
437921
439251
436462
436096
432528
436105
435063
434993
438360
432767
439434
436488
437835
435666
434776
436877
435553
434197
433727
434174
432667
434743
436653
435314
430334
436186
434856
433825
436604
434268
436941
429987
438046
435932
439106
436265
432371
434522
436116
436179
435078
439634
434817
436719
435058
431147
436256
436355
438487
436297
437818
433237
434642
433498
436537
434978
438180
437320
434197
436689
436397
432583
439182
435007
436415
429730
436186
311246
434529
436659
431374
432430
435715
437492
437801
437902
434529
434349
411828
432554
435941
434679
435137
436283
430822
436556
434640
435407
437148
434333
441784
440944
437430
436439
632287
441239
436242
413297
435787
435955
435517
437078
436917
431610
435952
435675
436210
437000
436225
440994
433932
436583
436616
439470
436262
437123
438656
432420
435565
435903
435412
436651
412569
437617
431805
439312
437005
435103
436820
437361
437092
435788
434837
437884
435877
437991
434620
433735
438688
437199
436753
437260
433541
436224
431411
426624
426969
434250
435962
434117
434021
436213
433757
431406
433943
435394
435356
435866
434378
434472
410239
431671
434464
435860
435008
434824
427471
435635
436439
432860
434925
434169
433726
431249
436214
431640
433144
435801
434266
435326
408938
432280
434954
433769
435872
434442
430943
435193
435075
436597
436585
435145
435875
430035
433488
435995
433969
433824
435755
433912
410439
431824
434048
435743
436661
433041
432061
439043
437821
435338
435230
437681
431559
430620
436723
436084
433737
432878
438138
435173
432568
434627
437120
434317
435184
434412
435186
430405
435892
434506
435208
436574
432603
430058
435120
434169
434953
434782
434653
435407
432235
436584
434586
434188
433897
426876
422524
430147
432839
434596
434696
436599
434098
435174
432211
436921
436078
435634
434736
435153
433896
431823
433773
436123
436991
436739
439645
436987
434812
434787
435905
435274
436592
434818
430625
437788
437912
438741
438505
436581
435950
430264
436557
434722
435304
432924
433312
433106
431879
435502
435797
434059
437225
433481
435121
432549
436415
434737
438860
437562
435987
434333
433412
434417
438523
436141
432858
434402
432026
434701
437238
434745
435894
433466
433233
431846
433191
433876
439654
436685
435125
435142
431672
435979
435500
435201
434872
435883
432698
433713
434128
435949
435269
435529
435038
431206
438740
434517
434377
435699
434810
435614
429327
431687
433444
437416
437854
434523
434839
434671
434204
436102
434948
436962
438342
436348
438615
438244
437615
434098
433874
438030
432487
433929
435846
434943
433484
434850
435995
431669
433808
434468
436162
433486
435574
434076
428968
436271
436490
436378
434420
437564
432815
433385
436117
432451
433830
435081
435773
431041
435719
630507
434205
434258
435071
436375
435870
430769
436230
434948
435544
433951
437163
434340
432272
436562
435344
434514
436313
434005
436957
411969
432374
436082
437297
432615
433989
431568
433605
436703
435397
436429
434019
434707
431397
435282
433363
435005
433930
434717
435837
407676
432254
434838
435437
435523
434626
430524
437194
432000
434408
439389
433558
438616
431267
431933
435416
436123
439489
432551
438448
432042
434877
436118
435880
437461
434035
435542
432533
435841
435307
435163
434687
437125
429671
435638
433631
436620
435096
433994
437420
431216
434559
436941
435874
435892
434768
433231
435003
437166
435764
432017
434324
434119
436515
431617
436094
435427
433182
434074
436348
430487
436588
435173
434902
434782
433334
436937
428993
435729
433801
434102
436117
430301
435767
411876
433151
433646
433539
434028
434532
431589
435475
435022
437340
134610
429158
434173
434372
436533
435659
416422
432111
434019
434814
434510
435399
436831
434758
434574
435412
434716
436557
434760
435778
436114
431466
435483
628897
435118
438288
437968
435000
435730
432247
434990
437239
434037
437000
435756
435635
430207
437177
433764
433935
436121
437588
434728
413441
432124
432910
437207
436721
435792
432876
433261
434471
436958
435382
435382
438788
428819
435873
434631
433153
436138
434989
435530
430023
436163
437725
435181
432805
438610
435302
433283
435815
435394
435333
437358
437071
437460
432934
436585
435887
437774
436502
435593
430646
437898
436166
433951
436718
435273
436056
430545
438075
436810
434418
436441
434669
437220
409639
434306
435436
436498
436230
435751
432641
433421
434994
435924
435728
432606
437071
431370
436102
436588
434117
437246
436115
435717
429197
436024
438624
433605
436414
435769
437121
433239
439043
435215
437446
444203
435004
433607
432799
436699
434870
438018
437031
434267
431699
435880
436707
432451
434448
436516
434215
432107
434794
435965
280905
433753
435421
410027
434917
434373
434530
436759
435375
434261
436118
437784
434490
435625
434337
436101
431868
436389
434668
435837
433945
437016
438045
431531
432672
627550
437020
431810
440604
435714
433898
436739
414366
432737
432146
436106
439688
435507
436400
439651
433259
433194
435951
436356
436240
439463
435735
431641
429870
431779
436408
432994
438542
438000
436308
435769
434515
437489
433524
434154
437716
436738
436426
436631
432593
435779
436979
435961
436631
437095
433818
432155
436886
435819
432966
434692
432871
437502
430461
435162
436753
434498
436763
434964
435098
433233
436397
435697
434588
436328
435694
434891
433197
436943
441210
435028
439153
436400
428220
434235
433107
436946
437367
437391
433490
434048
435313
434232
436364
440005
436143
435609
431335
441244
435018
436595
434411
436572
433926
433892
436591
435026
436134
434410
437584
432680
436516
436864
437767
438368
436056
435537
431456
437369
435813
433861
437618
435651
436745
432441
434630
437837
438564
440579
437373
437499
410179
433682
438008
437156
434563
437476
434337
434563
436545
436318
438084
436878
436287
432396
435661
436738
436221
437278
436900
436434
432842
439481
434405
436392
436400
414551
431932
434881
438469
436898
436315
437299
428818
442429
434986
437266
438054
436121
437066
437764
431932
435557
435353
438215
438264
436133
434555
432134
439028
436777
437969
434828
435676
435944
431687
438446
434690
435138
436130
434088
435312
411089
434800
435434
435896
436042
433447
436200
434054
434766
433887
437279
436092
435523
433015
436492
436042
436553
435416
435904
435229
432570
438369
436432
438961
436051
433078
436611
431441
439430
436697
434642
434195
437755
436650
434406
436560
436595
435362
437010
457020
435725
432945
436579
434824
437174
433480
437087
432792
434955
437703
436824
436456
438707
436784
432873
437848
440169
433610
432916
436380
434620
431800
439023
435353
437155
433684
436008
434584
431665
435649
435475
435240
436102
434079
434569
434315
435644
413354
433473
434000
435989
428303
434217
436636
436916
434491
433957
435410
433735
435671
436775
435321
436253
433472
434415
435543
434369
435671
436622
437543
435334
431278
437825
434573
436938
438262
437943
434117
431097
438447
434905
436418
437668
434333
435837
416404
436124
631725
434907
435973
437470
432604
438594
413040
432679
437897
436752
437148
435167
437940
433108
437334
435473
438072
435364
436327
430693
439634
432881
434372
437007
438301
435561
432071
438131
436873
436928
437404
417026
434671
430030
438676
437285
436224
436326
436779
437523
432392
437659
434656
435861
436589
436343
430406
439028
436856
434061
438191
435011
435958
432442
436564
437715
436997
436173
412246
432844
430440
435609
439394
437484
435553
433433
434619
433313
436620
436119
435525
435190
435564
431542
436358
435413
438610
436261
436450
436952
432506
434671
438253
436106
437703
414328
431640
433050
435158
437623
436823
437328
435045
437157
432676
435209
436111
435425
436231
435844
431575
436260
440056
436350
436925
434018
436120
431476
437246
436817
435800
436899
434574
437364
432753
436065
434427
433063
436741
437117
435912
433063
434834
433888
338169
433051
435363
433646
435542
434959
435517
435972
434603
434396
432194
435925
434684
435035
436134
434895
431810
435409
434406
436982
435523
436539
435008
429093
433684
434451
437521
629821
428445
419753
417739
431858
432888
436179
435225
434903
432794
435369
435840
433530
436194
438192
435065
433492
435040
436189
433836
436066
434328
433619
431995
434493
434622
436099
434138
436003
433221
413174
432108
433705
434928
437522
433819
433728
436025
436366
435916
434162
435303
434270
428685
437556
432882
438567
435929
432099
436287
432133
435857
436318
433735
436897
434849
435927
431737
435060
434934
434919
433845
437736
429876
436856
434472
437142
435607
435715
433769
432425
436528
435768
436524
439155
411986
433441
430799
438697
435576
435174
436012
440266
434108
432789
435761
437324
435294
434285
435646
430019
436322
435385
433903
436175
437209
435317
430634
440207
433705
436138
439625
413202
434330
431026
434613
432980
436279
435245
435321
435859
432366
435729
436953
436964
436358
434838
432499
435526
435792
435114
436941
434547
435189
432478
436275
436158
436941
435369
434160
434721
435061
441516
435184
436641
437997
433607
433584
431446
433324
439212
434596
434120
435815
435117
435973
434317
434165
630174
482936
439910
437407
438420
410155
435596
436688
435659
435448
434192
434030
433703
433247
435128
435930
433681
435417
430940
437466
434550
435650
433557
413783
432497
433081
435698
436383
434943
435897
436439
434229
434000
435998
440231
434691
436078
437459
432449
436568
433728
432620
437844
437346
435884
431106
434738
436143
438425
438326
433880
434456
410753
433154
432902
434780
435509
434963
434088
433579
436825
435517
438606
439266
436164
436743
433622
435029
435753
441831
432914
437174
431795
438246
433533
434308
437101
432756
432820
429320
438226
437020
437410
436689
435805
434275
432644
433935
432771
438020
438230
435723
430695
435041
436501
433751
434317
437746
432313
432301
434230
435590
434789
436616
438970
435896
409951
433855
435354
437795
437840
435449
436139
433024
438320
434568
436037
437877
435303
428717
437866
438209
437603
439356
154487
433287
436515
433077
434409
413165
435342
427407
436857
438356
436127
436810
438266
434490
433305
436117
439214
438976
434525
434986
421759
434963
436939
629574
434813
436664
435190
437012
437398
431431
436178
433598
437246
435062
437579
432974
437506
435789
437625
434548
438195
436126
433293
436318
437183
435944
439298
434893
437214
432747
434090
433610
436005
434597
435199
435899
432630
435004
439009
436118
435062
436650
435241
435708
435775
435537
438177
436620
436877
432084
436561
436346
436339
434797
434548
435083
433230
436962
437004
434533
437366
436902
434361
414018
430842
435067
435055
434027
433774
432995
436774
437114
436424
436972
435534
436087
431909
436510
435895
436054
436547
414863
432446
430884
439195
435769
436859
437616
435841
436651
433338
433305
436565
435620
438948
436631
430082
437811
435578
438385
436620
438471
434058
431675
435945
436447
436961
436266
438351
437574
434189
439892
434251
435945
435668
434097
434510
412282
434381
435995
434235
436017
435102
431344
436368
435698
434367
385747
435294
435282
433552
437731
436313
437365
436201
435193
434148
432882
436723
434851
433114
437076
435616
432121
437733
435651
435943
438086
433916
435622
427471
418542
436017
437379
436814
437615
434390
434507
430728
433595
434107
437690
435294
434997
432600
439046
436078
435262
435015
435686
433765
431300
435974
434929
435897
435940
435701
433080
430611
436402
438149
434989
436410
435806
434024
434413
437611
432525
436502
434371
435897
432333
438244
436224
435244
436157
433920
435430
431077
435615
435595
432733
437194
438063
436808
431773
436974
437607
434738
432359
434073
437956
433848
436010
435171
434140
437726
433698
434346
434248
436779
437054
435255
434789
435434
431507
435129
437328
435958
434350
433325
436074
431587
436964
435433
434087
434144
437009
434886
431729
434178
436754
435128
438831
431825
434792
436079
433010
435450
436587
436493
438769
431430
436411
434872
435370
435385
434640
434688
431510
434904
436685
437720
435756
434430
435825
431784
435816
437217
437363
439745
435805
435289
430697
435771
437560
437215
437237
436376
432897
435305
434365
438248
436877
436751
435439
432169
437342
435876
434966
436353
411881
433382
432997
436384
434863
629609
435375
436541
434893
438835
410232
436629
439205
436791
436979
438595
434096
433896
437349
436306
437253
435238
435164
432994
436659
438541
437263
437400
434082
436986
432483
438624
436215
435525
437064
433466
437865
433875
437305
438938
436639
434974
434917
437000
432997
438486
434265
435548
436026
435206
434743
433448
436204
435956
439248
434240
436900
432250
437944
437465
435502
435044
437472
433894
432754
437858
436558
435927
440815
434028
436369
432470
438051
437160
436089
435535
433874
436110
434022
435887
436424
436814
436107
436484
436602
434339
436540
435740
434175
436277
435531
432316
437864
437396
437411
437681
435873
435152
432911
436912
437328
439993
435008
414528
432781
413192
433708
435962
437294
436881
436371
434813
435520
438190
436236
436764
437792
435174
431646
437490
438876
436074
437153
435808
436083
432275
438121
435531
434724
335077
433614
432156
437501
436401
437202
437307
436773
434056
433207
435666
439112
437178
436996
434583
435728
432258
439809
435641
433568
435989
435475
435656
429138
433665
430443
437452
629646
435898
436123
437503
436938
435010
436344
431933
436248
436338
435613
437158
436320
451784
432695
438225
436660
434824
436569
413762
432015
432153
436759
436948
433244
439045
432136
436124
435353
433073
436513
437333
435522
440194
432815
433968
435665
436127
436958
438350
435440
432989
438612
435676
434615
436406
413176
433176
431175
437782
435642
437477
435365
436071
436792
433887
437633
435947
438200
438214
434944
434802
433398
437700
434873
436887
436708
436556
433315
439191
436541
435656
436251
435020
438458
434805
438965
438289
436871
437322
436573
437251
431214
436377
438405
438137
435787
435642
435771
432673
436389
437312
436668
436941
435339
434871
434613
436725
436266
436293
438828
437796
429046
435909
435745
434389
436259
437627
437290
427260
437089
439104
436617
437180
435151
435236
409132
434481
435161
435717
440527
434925
436849
437011
435736
436958
435804
435158
435902
430717
436153
435935
437439
435153
435779
435833
431114
435336
435418
437416
435967
433814
435165
411456
433178
434010
629873
436256
434365
438401
433717
432543
438703
438019
435736
439092
436492
432622
434239
434436
435939
436021
434632
433738
432059
436943
440111
434092
435815
437024
434844
433322
434663
436371
435893
435384
434946
435743
412835
433693
436966
435037
436918
433348
435545
434892
435192
436005
434528
436160
434598
432143
436397
438871
434470
434757
435151
433623
432430
437783
436983
435975
434183
435445
435243
432180
435596
440533
435416
438209
434850
437100
433985
437083
434651
452041
436114
435777
432401
433676
436584
434288
436246
435264
436090
431275
436447
435492
435500
434409
434463
435708
432971
436539
436025
434107
437080
436528
434752
431846
433912
437439
437225
436935
436871
432794
433980
434994
437368
435357
435292
438388
428620
437093
435863
436939
435215
434694
438487
430261
438968
435070
433930
433886
436406
435076
429698
438836
437863
437541
337359
432357
431035
434717
437505
435601
435488
435907
434857
432474
437741
435974
437698
437780
436142
437283
433036
434204
436680
436086
435522
435685
429850
423142
432702
434623
437590
630549
428488
431184
436330
434168
440010
435786
431835
440753
437422
437347
434432
435502
434059
433297
436483
435681
435596
435565
436008
431599
435818
434770
437656
435676
435313
434522
435406
437512
436476
436316
437517
434101
436436
436028
434523
434186
434979
435859
438846
438789
433836
436321
437353
436509
437546
433976
435791
433007
435950
436903
436786
435737
437642
431128
437067
436131
433672
436122
436608
437190
431663
438931
437223
435895
437892
414005
431737
432389
435418
434520
438471
434734
435864
436019
432657
435173
436230
439306
434082
435795
433240
435963
436986
435207
437442
433104
436282
432741
437803
433949
435009
436267
434846
437490
409882
434518
434256
436810
438107
430310
435246
437898
432738
435780
436565
436616
438011
429200
435181
438142
434914
436182
436583
439158
433478
440246
432787
435082
436953
436199
437007
410356
435259
437107
435554
431188
433907
435347
434311
435000
434827
437082
435554
434143
432280
436766
437184
435152
437402
436020
436806
433340
435153
435929
437232
630121
435531
435532
436113
432889
438651
438128
436480
435675
414484
433449
431828
437173
437223
435134
436497
435734
435185
433251
436384
436964
437522
436170
436183
431771
438195
436881
437512
437133
434844
437605
432823
439374
436585
435170
440286
435671
437753
433364
437153
436850
439964
436412
435754
437343
407728
432182
434939
435515
436053
435625
434210
435130
435268
434292
435960
435268
436722
433105
437517
436934
440228
435170
436176
434694
432958
435615
435362
435351
436575
435169
435924
431235
437892
436632
432938
436905
438840
435387
432461
438384
436098
438036
434731
434083
432834
435913
437825
436210
434943
436340
437844
432977
435084
433718
434716
434885
436917
439305
433672
434409
437907
435329
436567
435669
436360
433295
438290
435772
436101
435451
434830
436522
432595
433516
438880
437787
436250
433087
432960
437709
413110
433189
438114
281090
404964
436987
436534
436056
437026
435516
436138
434169
434690
434342
437625
440864
434687
432788
436753
440302
436979
438816
435594
436317
432461
441109
421450
434136
630697
428175
432415
437282
436426
437974
436178
434479
435736
435446
436377
436787
433647
432951
434943
437415
437719
436528
434819
436794
432790
435102
433292
436993
436957
411576
434086
432338
437285
434861
437615
435682
435817
434956
434473
435286
437122
436410
433684
435230
431515
434342
437798
433841
436590
436123
434952
432041
438964
433499
435597
440198
435174
434482
410151
430723
435866
434716
435948
433745
436168
433702
436215
436061
437239
437779
435512
433920
434887
438623
436744
434722
435620
435998
432662
436525
437464
437556
434568
433279
434084
431779
436907
437419
435251
436891
437303
433142
429876
435715
434108
436213
436882
433892
431789
436026
437179
437556
438773
433968
436866
434616
435063
436310
435740
437705
432268
437864
430379
438112
437691
436730
438846
435797
434482
433335
434989
432917
434487
436767
437757
437685
436067
437630
436178
437815
437133
435503
431498
436625
433498
433002
434785
434988
434107
430786
437165
433062
434128
438574
434109
436779
412625
433353
436846
437019
635079
433535
434999
433220
433635
436520
437054
436574
437051
435818
435802
432735
437022
434564
438184
436590
435693
432641
437593
436450
434145
438255
433564
435897
434759
435974
435471
434047
437543
431476
437071
431427
439319
437264
434698
436706
436281
435589
431076
435915
436743
434299
441556
434709
437390
435066
435473
436476
436739
436053
434501
432815
438037
436089
437080
435726
435360
435334
431614
436662
436049
436620
435049
435580
435913
410477
433766
437840
436538
437843
435749
435667
430186
433769
434260
437382
434905
436604
431023
434935
436772
436246
435825
433751
437694
432420
435194
434107
438620
434687
434309
438629
432728
437253
436825
433892
435537
434821
435799
431032
436783
434838
436136
434057
435155
431452
436860
435297
438128
437972
434091
436017
430232
437927
436779
435561
437570
436194
434219
411086
434149
437255
436498
435585
227279
440381
433696
434725
437177
432893
437002
411456
435178
435276
435170
434585
434303
436227
434107
437303
435645
436711
434370
437051
431148
438415
433405
628062
435464
436815
435523
434574
434626
434522
433564
434297
437111
434308
435813
435884
433123
436930
440564
436018
436556
435345
436913
432570
437589
434380
433706
437011
414262
433006
431396
434734
438424
436287
434761
435102
434881
433923
432822
436760
436245
437138
434133
432635
437733
433851
436805
436158
436020
435082
431615
439527
432390
435183
436925
434611
436097
410701
432257
436610
436729
434247
433768
434009
436151
438856
437695
438807
430310
435358
432256
434883
435902
435493
434917
436219
433703
431635
434958
437299
437399
436272
436102
435698
410951
431258
434904
435340
439213
435665
435189
436085
435337
437108
436639
435569
435956
429629
436127
434464
435124
438753
436177
435097
434307
436481
435876
437148
436128
436933
435641
431200
435933
435896
433786
437940
436811
435377
432136
436246
435818
435645
435754
434279
431415
437182
437936
438241
438353
436193
434278
432722
435949
435742
435723
432573
433023
436686
409509
432865
435439
435637
436354
434543
435641
432319
437388
434262
435721
629665
442829
430357
432975
433247
437569
435923
440737
435688
436138
428886
436621
436423
436127
438627
434413
434296
431071
436126
434728
434035
434908
435189
435999
410558
434168
436927
434417
437139
435245
435623
433559
434271
435599
438101
435355
435694
430443
437046
436675
436459
434529
434667
437687
429972
436051
437563
436762
434970
442763
438800
410009
433749
436635
434551
438604
435493
436607
435862
435676
435575
435044
433436
437824
432275
437543
430205
435796
437397
435349
432633
433565
438300
434578
437123
434692
434889
434721
413043
431881
435875
436971
437183
435943
437568
433909
439643
436126
435854
435872
433313
430538
437462
435311
432060
434430
439266
436346
433123
440042
436507
434951
433766
437570
433952
410482
433860
435603
437574
434759
435081
434548
434841
436468
435698
438576
433815
435182
431316
438360
436507
436979
437528
434610
130035
429491
433602
436950
435904
436530
431645
436415
436094
436273
435758
434280
436647
432415
436481
436681
437062
434173
436328
432078
435527
436758
437958
631626
433647
435530
439292
435512
432251
433762
433847
438875
436175
436958
434563
439307
433716
436594
436108
415655
431107
429406
438958
436604
436099
436657
435992
434512
432312
436324
434891
436088
439541
436088
430543
435388
433265
434818
436438
434251
435204
430246
439187
433362
434651
434585
436305
436147
409986
434454
434909
437747
434326
436489
452408
434921
436358
437414
434892
436681
435656
436125
432987
438465
435974
438455
432249
435707
433084
436889
435979
434769
437384
437146
433860
433687
434132
435890
434965
439258
437979
435122
430811
438245
436200
437731
436692
434115
433556
432334
436820
435702
436246
436930
437484
431453
438299
436067
438425
435531
435792
435915
431571
436517
436541
435908
436675
411110
435671
432651
437378
435293
435342
435564
436274
435937
434236
436482
435446
437723
434322
432768
431661
439174
434993
437348
436457
359829
433010
432543
436903
435084
434945
434658
437073
429582
436364
437129
436743
437817
434049
434994
431553
439873
432972
435933
434088
436782
435812
411955
423606
430763
435621
435337
434767
436920
434225
434071
436452
433826
437415
435923
436799
431456
435733
436814
436364
437716
435155
435441
432494
436135
434424
436918
434607
436649
436019
433256
437041
435726
434508
437168
434990
436168
433709
434839
435710
436397
435569
435103
431808
434928
436448
437236
435633
436380
433538
432381
438317
435232
434044
436523
438368
434830
431531
436451
435840
438543
435487
435951
436560
432251
435801
434728
436384
437005
435721
434491
435512
434419
432544
433099
439374
434125
433400
435591
433851
437106
440336
433856
440210
435704
433887
434508
436209
435276
435384
436095
432293
436682
433174
437274
439397
434690
435458
435686
437093
439427
436385
438776
436440
433929
434701
436816
435392
436565
435842
435224
433075
439753
434733
436920
437381
434026
437982
434371
439309
434747
434519
438101
433808
436199
408442
432874
434904
437614
434709
435955
433907
431543
436377
434825
440129
435366
436959
435145
438196
435050
435287
436385
436866
440349
433083
438937
434729
435256
630061
436131
436774
435334
437741
431739
435406
436572
437123
413774
433702
428606
440984
435189
434287
435832
435450
435114
433051
437245
435323
436853
436300
436580
431195
435471
433645
436216
437452
434815
434692
431379
437230
437476
435126
432967
433446
435411
408504
435189
436278
436728
439174
432019
437924
433607
432039
435737
438346
435425
434907
431058
435454
425676
431385
430479
430862
438656
450982
425496
435718
436608
435375
435680
441333
408916
433257
435701
436934
444931
435143
434204
433219
433012
436745
437170
435563
433414
431130
438887
436127
436551
435014
436572
436303
433726
436707
436389
435358
436356
435120
435102
410551
432845
435647
436631
436666
436227
435457
432349
436418
436079
437697
437621
434451
431989
435917
437441
434735
434279
434543
435784
430746
437851
434697
441027
434084
435324
435363
431850
437662
436083
435134
436497
254252
434207
435009
431823
437748
436361
436285
431794
439649
435415
434806
435015
432280
439056
430868
436123
436365
434586
438252
433758
436975
433406
433736
423605
433775
629030
435162
422861
427546
432865
437422
435944
438310
433846
440475
434365
434123
437567
437636
433887
408839
434902
434374
436061
440815
437022
436990
433245
435434
436777
437272
434123
437681
431881
435748
437975
433919
439579
437926
438184
432484
435468
436067
436225
437820
413810
434044
428671
434092
438004
436400
435796
436635
437532
432635
436538
435556
434990
437303
433447
431923
435645
438990
435190
435403
437344
436265
432311
438023
435624
434700
436806
434309
435248
409394
434183
434814
437528
436539
435156
438384
432714
436625
434390
435605
436397
435167
435194
434141
438189
434304
438025
435158
436651
435733
442204
432356
435845
436264
433940
438225
430838
436791
437220
436878
437485
434092
432768
433381
436800
438119
434456
437689
434182
435486
435030
435222
435521
437559
436187
437274
432722
440523
434289
438585
435757
436296
435749
433990
439114
434263
437587
437841
435148
438788
414696
433879
437524
436506
438846
436036
436752
432425
436739
438236
435794
436448
437763
434728
434884
433922
437377
437230
630441
436962
437721
439473
436078
436979
435067
435958
435886
435598
432397
439728
435700
435781
439520
434692
436371
431819
437824
436979
434188
437024
415727
432953
431056
436200
436559
435421
437813
435943
436948
434104
435581
433736
435263
434471
437697
430318
435297
434772
435908
436678
435850
433538
431020
437340
435189
434294
435622
434220
435724
410990
433811
433348
437802
439756
434863
436869
433371
434656
435948
435448
437020
437452
430125
440275
437205
440115
436759
438948
439382
434670
438639
437133
439074
438020
437336
437143
433305
438586
436830
436684
439538
439739
436460
412343
435342
435204
438077
437493
437271
438783
432642
435598
432150
436241
440594
433949
431892
436663
435856
434471
436326
435676
435892
433091
436976
439029
435009
435708
412511
432621
429682
435298
434480
436595
435901
433650
434994
432678
436143
436129
439305
436004
262753
433920
434374
437964
436497
434251
436398
411612
440230
437263
437014
438297
437695
436779
433932
437266
432583
434752
434271
434878
431712
436489
437794
437383
436868
436538
433106
631216
429940
432491
438412
436743
434800
433081
435558
435075
436075
414934
433363
429905
438205
436250
436044
438061
437167
434749
434420
445058
432282
436679
433068
435924
437361
427989
437312
437100
434098
436597
433194
437137
433290
436405
436923
435350
436387
436152
433755
431015
436887
434893
436832
434930
435523
432984
436777
436653
433958
438225
436000
435455
430957
434393
434388
439894
434630
432878
436319
434971
434538
433274
432519
435641
434261
434339
433788
435029
435159
436758
434501
435792
432888
435633
432295
434637
437059
412743
432440
430640
438333
438580
436246
436191
434630
434322
432682
433894
438398
435186
439210
434270
434139
434030
435978
434630
437918
432138
437036
432443
438365
433579
433044
433876
436741
433684
428772
436887
434764
435664
435252
433764
435920
432201
435353
433816
436541
435187
435972
433436
434456
433997
433766
438534
442270
431333
431964
435533
436960
435268
438675
412445
432733
428740
437476
434908
436241
435577
435075
433907
433125
434950
434923
436441
435431
630035
462446
436181
431329
435857
438028
435584
436230
437874
435956
434831
437063
440275
437497
439519
435132
436507
435823
437894
436040
442256
435195
436543
431778
437563
437240
436887
436518
437486
434810
433133
437767
436287
437897
438836
435885
437984
433728
437043
436910
435298
438871
437207
437387
434527
438076
435725
435594
436980
438619
434358
436478
436474
436682
430244
435724
436616
440646
432393
437649
434668
439842
439739
438463
431676
438656
437475
433684
434339
437824
436174
431340
439342
431824
435736
434848
434701
435987
425102
436820
437405
436028
434068
436600
435725
433476
436596
435132
434984
434299
434922
432573
437461
435650
436907
433628
436065
432543
429631
436717
434037
435339
434246
433964
435892
428620
434661
436353
433268
435267
436502
432944
434351
435953
433703
435464
435682
435785
431901
439402
437567
434967
435384
433206
303841
435368
437517
436822
435140
432947
436804
429105
435602
439055
434770
435178
434959
434299
431015
435503
435558
434338
433911
435771
433868
431494
436644
439078
434819
15947
7546
8833
7443
7676
9299
8370
8953
9146
8834
8400
7795
8220
7547
8465
8259
7689
10021
8376
8454
8808
10970
8616
9082
9133
8771
7762
8648
8942
8727
7582
7728
7689
9154
7821
7400
9995
7259
9093
8254
8435
8861
8536
8996
7548
7724
7611
8700
8235
9105
7977
8741
7488
9101
8574
8520
8555
7512
7511
8663
8520
7477
8273
11991
8951
8501
9007
7786
8171
9214
19533
7872
7536
15645
8897
9168
8633
8743
7451
8112
8162
8184
8777
7997
8543
9017
8003
9071
8757
8779
7593
7950
7811
8284
7846
7994
7561
7703
7458
8046
8273
7553
7553
9318
8742
7712
9241
8896
22944
7833
8656
9133
8702
7495
8184
23484
8999
8987
-------------------------------------

