EAL: Detected CPU lcores: 20
EAL: Detected NUMA nodes: 1
EAL: Detected shared linkage of DPDK
EAL: Multi-process socket /var/run/dpdk/rte/mp_socket
EAL: Selected IOVA mode 'VA'
EAL: Probe PCI driver: mlx5_pci (15b3:1015) device: 0000:03:00.1 (socket 0)
TELEMETRY: No legacy callbacks, legacy socket not created
Count core: 1
Number of queues: 1
Connecting to port 0 with 1 queues
ip: 192.168.1.1
server port is 8080
Expect the server to change the location of timestamp by 20 bytes
sending ARP requests
mac address for server 192.168.1.1 received: 9c:dc:71:5e:f:41
ARP requests finished
-------------------------------------
434858
434523
430192
430169
430738
434329
433087
434333
434363
427200
431946
432328
432003
438011
410587
431758
428502
434058
433492
432800
433951
432712
437277
433099
629465
434564
432060
436984
432833
435107
435100
433404
434369
431344
434205
433206
435619
437472
436122
434538
432040
431092
433921
435012
434751
432263
430326
432948
434780
434254
431685
431865
433497
430826
433871
434209
431031
438855
430763
430966
432241
432830
433420
434382
438271
430112
428688
432764
432502
435974
435356
434367
433115
431666
433266
433169
435113
435302
432902
436227
433200
431845
430216
433830
433887
433703
431247
436622
433030
430803
435815
431201
434843
426333
434309
433274
433304
434756
435536
436911
434696
433630
437055
431876
434748
432856
435378
432434
434887
434167
434215
431496
434383
432496
432158
431066
434154
434396
431263
433085
433249
432078
434690
434897
432964
431720
432216
433779
433311
435037
436213
435119
433776
431227
432692
434017
433942
435559
432983
436604
432733
435835
432603
433258
435354
435349
433919
431738
437482
432416
434880
435830
432045
429004
436573
435029
434279
430967
432662
434512
432150
429636
436113
434496
433003
433968
438024
433117
429683
436539
433012
433149
433791
426285
428115
428656
436153
436004
437299
435056
433718
433479
432683
432754
433087
434064
431777
433313
429000
435675
435634
433139
436121
430105
432225
429881
434370
435016
433932
436101
436323
433726
433809
435294
437762
438023
447643
433267
429940
432112
432656
436194
436436
433285
433929
427861
436061
435131
434321
434586
433323
434841
431108
435563
432362
433220
434822
435366
432621
429937
432811
434005
432984
433076
433485
427051
434904
433280
433900
432926
434928
431917
432414
433824
433439
435553
437066
432233
432354
432933
433735
436804
437139
435492
437884
436264
432835
433775
437634
439620
437550
436008
431969
435625
434781
434344
440584
433173
435774
429820
437810
436200
433784
433405
434108
436053
430470
437784
437263
433917
435471
431841
434899
435799
434164
436743
438246
437547
433225
431733
437574
434133
436173
435420
435538
435861
408892
436523
435686
436281
438453
436266
433505
428569
434314
435469
435151
435312
437954
431106
436259
437413
434461
437860
434037
435424
431929
436210
435432
627623
511869
431712
434921
434047
431919
431132
434986
434969
436334
432483
431758
428822
435753
434456
432742
433969
432449
435338
407948
432787
435213
433408
435617
432652
432947
431269
434531
435518
433219
432694
434900
431253
435379
432677
433061
432890
433920
433266
427815
433543
434749
433946
431980
431499
432991
431169
433533
433788
433997
432896
434543
431610
430761
432287
434370
431762
432860
433076
429856
432493
431841
434097
437372
435943
437232
426390
434868
433317
433169
433448
432606
428856
434471
434572
437371
433394
432719
434243
429808
434164
433056
433014
435967
432990
431547
430489
434815
433088
432576
434200
431441
428345
438113
433938
434471
434052
431507
432404
429819
436102
432001
433026
434810
433502
428205
431717
434711
434384
435111
433675
430608
429497
438768
433850
436237
437923
429670
436420
425263
436906
435088
432088
434545
433035
432337
432385
435395
435028
433751
434656
433069
428034
433648
432628
433005
435779
429128
433048
425800
435133
431565
433941
433132
432266
433734
432651
626398
433033
433758
435701
431682
430937
433828
432313
434193
429457
434487
435800
432376
432872
432594
427163
435682
432976
434030
434513
433926
435051
430160
434308
435669
431979
434066
434689
424453
436099
435959
432412
433218
433731
433929
428887
435332
436787
432606
434360
431562
437814
424935
432203
433093
430977
434853
431035
431642
431600
433289
434484
434309
433102
433549
429932
432864
436138
436414
436692
436989
434023
426605
412763
432457
435492
433956
434975
432353
434009
431378
435174
432682
433410
435156
432116
430967
433737
432458
433061
434140
432984
431175
429528
434876
435148
433502
435549
435577
433690
432823
433754
435245
435186
432502
434302
429365
436386
435487
435418
432974
409640
435887
426643
433542
432902
434839
434788
433404
436652
433222
430943
433516
432873
429969
435536
430627
435317
434558
432862
433458
433526
433419
429031
435994
432723
155457
429305
428715
435307
432406
434220
431613
434068
433552
433723
432053
435172
435121
431711
436010
433104
434472
432158
432630
433866
433377
431383
431272
629271
434391
433986
436888
435128
437943
434694
436733
431788
432776
433826
435051
434604
439707
431398
433439
435230
433985
434910
436322
434780
434190
429987
434971
433185
434772
433220
431923
434766
432916
433803
436408
435092
434985
434807
429866
436353
434020
434690
438969
428945
435752
410309
431312
433333
438009
437037
437407
435094
431071
435754
433168
434252
435724
433731
431315
433374
433724
434613
434100
430652
434823
406794
432200
432504
431614
432871
434733
433094
434129
434969
437064
435434
436320
435753
430189
437297
433870
436912
435721
431457
433746
406796
431036
432968
433854
434054
433145
433133
432538
432557
431829
432786
435000
431251
428987
435980
435188
431270
431825
432655
433495
431697
432241
434215
433417
430837
431364
434116
433112
434357
435097
432685
435777
429676
428576
433654
435064
434209
438217
435644
432605
428946
433887
359952
432005
435061
433737
430743
431387
433456
433565
436602
433872
433831
433066
431485
431779
432687
432507
431933
431909
432081
434314
432851
434673
427481
427545
436343
432814
433849
437056
436239
432307
432769
432429
435966
435940
436338
434637
431860
432582
427730
434647
433796
432437
436825
434720
434083
432538
435032
432767
434241
433333
435703
433728
431945
435872
435698
434351
436744
435493
432469
438176
433282
435446
432684
433489
432823
431579
437394
433121
434532
433546
432942
434870
431576
435200
434715
436625
436063
433896
427817
437050
434106
435281
434259
410601
432360
429107
436418
434775
435760
436784
433824
430878
431459
433065
435212
434964
436003
435766
431812
433234
434846
433783
434750
435117
435634
428553
434408
435497
434415
435087
434740
434282
432391
435289
435804
434086
433896
434347
434271
432996
433871
434522
436373
434117
432127
430000
434571
433864
434113
436678
436549
435751
431641
437107
434285
434615
433343
436179
433681
430973
437189
435548
435631
436043
436710
434675
432409
436602
434270
435437
435336
435052
430844
432920
435722
434238
436015
436138
437017
431992
435834
435134
434802
434750
434291
434581
432469
434889
434594
633561
537696
433921
433533
432840
434501
430273
432087
433039
433525
409507
431316
431135
434851
435839
438055
435705
432430
433253
432473
435110
435199
433083
434586
432914
431504
434558
432081
435456
434575
434437
435523
426220
434850
433876
430629
433309
431115
433425
433285
433583
434087
436820
436757
436129
434774
432873
434151
435417
433365
432261
434128
430376
434492
433522
435714
435402
435677
433205
433565
430993
434867
433023
433061
431156
435644
428887
433304
433102
433308
433428
434235
430103
434791
433823
433179
433230
433062
433038
429641
432535
432469
435682
435507
434423
432568
430732
434027
434330
435728
434454
434248
431271
436511
434953
434851
435432
435202
435590
428769
436809
437092
435690
436548
436210
433597
429345
434113
435014
433695
435651
434227
431949
434238
436410
430312
435238
433719
436866
437307
437114
432831
437244
432859
363533
430487
431546
436679
435266
436981
435015
437830
432155
433035
431181
434639
431082
433655
433124
431127
433891
434150
436860
433622
431918
434994
431071
627979
428061
434869
426535
434430
434050
437316
434372
411980
432623
434450
432557
435102
435676
433317
436107
435148
431077
435297
435171
432815
434948
433477
433056
433904
434349
433896
435205
432261
435112
430031
436950
437174
433687
437615
431642
435389
432971
434307
434843
435430
436903
435876
436388
432469
435087
435615
434552
434892
437076
430021
435775
437588
437324
436467
440017
430566
433786
434076
431338
433584
435299
433671
434113
432153
436697
435632
435820
436726
434303
433155
432276
434728
434516
432524
431617
433541
428743
437728
434727
434726
434353
434902
434662
427621
437925
435357
436290
434630
432600
433671
431707
434937
434824
432427
436800
431156
426897
435138
432681
433646
433878
410731
430698
431067
436665
433187
434983
436845
435928
434268
429534
434910
432883
434056
433411
434321
431658
433736
431182
433010
433084
446408
433851
428417
435876
437583
435295
432905
434598
434145
432019
434567
437366
434752
433739
433859
433848
432430
435576
432859
437425
434345
436421
430425
434067
435364
434506
434567
426455
433359
432745
432786
434922
437856
436310
436116
435548
430445
432051
436663
433821
432963
437922
431292
437790
434271
434521
434151
435289
437343
435186
432000
433727
431173
434984
432922
436257
433082
434067
436646
435192
438014
434832
436098
432304
436467
435030
437645
433011
434339
431836
434437
434055
435191
437251
410376
433338
431742
433364
432301
434697
434028
433455
433615
432094
433223
436023
435745
435682
437087
431625
431456
433818
433520
435220
430359
437110
409363
433054
434725
436179
435736
436846
435716
432191
431035
435731
434062
434386
436417
431546
435060
435059
434816
435588
432407
436893
429280
436531
433445
434593
435620
436577
434979
433466
438408
436651
436490
433672
434871
434297
434107
435367
435282
436976
436323
436087
431572
436164
435955
436726
436868
431228
435876
432370
436847
436037
433388
434415
435692
438115
430496
432070
434066
436820
434840
434366
436205
432560
434119
433453
424836
434593
436740
426126
435900
435660
434570
433945
434574
437180
429200
437528
437286
633673
442318
432122
431196
433734
432071
435030
435582
433643
433742
435540
433495
430151
434622
434651
434132
433713
433487
432329
432111
432106
432382
435635
431981
432537
432441
429882
433126
431022
433402
433730
435199
428737
436214
436420
433307
435329
433107
433053
431482
433044
434969
436307
435256
433774
432179
436205
434720
433461
434957
434676
434364
428208
437462
434670
434198
437128
435005
434072
428333
434472
432866
435740
435805
433706
431307
433222
434487
436769
435804
437058
436874
430309
432949
433933
435517
435937
433316
433846
431007
433979
436437
433800
435142
434753
436306
432479
436568
432876
435651
435820
435155
431801
437594
437411
435239
434820
431526
434363
430886
431156
432761
433043
433323
433582
432331
431535
434303
432400
433736
431909
434671
431953
432519
433297
432140
433998
431352
435748
431858
436097
434922
434665
433829
355930
430046
436429
432781
432261
434394
434708
428599
427578
433332
433106
433967
435903
434718
431200
430813
432008
433079
434338
434980
433437
431041
434119
628398
426179
437307
434440
434309
433124
434356
433677
429569
434515
436961
434804
436925
435184
431956
433254
433151
432702
435724
435943
433938
434641
435032
433383
433758
435098
434916
437061
432687
441401
431841
434673
432116
434326
433937
430533
435838
433257
430724
432453
432700
434679
430512
436102
433308
431697
433588
434309
430430
434280
434377
434664
435105
436746
431709
427091
437444
434634
433366
432792
434112
435805
427571
430354
432882
432100
431933
435784
431049
432409
434911
432422
433043
432056
433182
432410
433466
433125
433021
434918
435163
432994
429220
433149
432948
433620
432588
433163
429750
434318
432345
434472
435975
432948
435775
426410
436706
435519
432919
430414
432593
435153
431542
432867
435360
432330
433516
431734
428513
436411
433582
435167
437276
432177
434389
407866
432541
433544
432364
436476
432735
431878
431928
432904
356949
434521
436241
434410
429538
430742
432708
434313
433999
433415
433920
434338
432961
433825
436145
439071
427656
431440
433579
432906
434353
434052
434729
440943
430158
427807
405750
628295
428667
429466
431957
433904
434790
433947
434307
433410
433995
434130
433950
435572
434456
429611
438193
428612
435258
435175
431142
437423
409445
431245
434589
432400
436021
435147
435282
431699
435120
435913
435625
435096
434036
430454
438748
435642
433699
438059
434329
437835
431420
435190
434900
433333
434710
434080
435504
432267
434850
433910
435541
435159
435300
434048
431917
435321
432138
434651
434943
433802
430009
436549
436821
433928
434070
434761
436477
430030
435230
436052
435840
435497
432538
433252
431991
435496
435753
433597
436220
434014
431553
433818
436047
434810
436094
435911
435575
431411
436791
433984
437951
434628
435200
433317
431131
438233
435917
433997
434707
436992
436271
432961
434876
435591
435138
434397
435672
435230
431247
434117
434933
439438
431356
433887
430834
435006
433857
434938
436762
436056
433809
433202
435630
435814
433077
436548
430624
434789
430979
433941
434527
433097
440032
431568
429661
434237
435014
434186
435955
431215
436358
408949
436384
435112
435912
437200
440233
436403
432530
437907
435711
434359
435336
433484
435761
433613
436339
434145
436452
435031
434975
431843
436077
435951
436564
438280
434710
436193
426326
437250
435309
434625
436203
435638
434427
432338
434069
434409
436048
437984
435766
436067
431866
435485
432708
435989
434777
434743
429307
435304
433347
436071
434697
436166
433957
432866
436766
437179
434570
434953
436043
432748
432579
435168
434683
436109
438125
434026
432803
431808
434435
433897
434941
436482
438210
429802
435373
434733
435200
436273
435914
433728
431335
436114
437259
435734
436796
434067
433917
431397
433893
437379
435204
437081
432350
433276
433087
433615
433491
435896
433186
436066
430499
435605
435478
433970
436161
435323
434433
429821
435657
436359
436871
433593
434241
436104
433148
434514
437108
435386
436942
436266
431430
432631
436066
434633
434262
412102
431598
428059
438861
434755
433425
435072
433380
439142
432600
432883
434574
435566
436570
434386
431951
433767
435063
434440
434825
435471
434949
429107
432739
434005
628312
435937
433402
445456
445655
437274
437342
434538
430832
434251
437174
436785
432583
428286
435507
435134
436323
435613
435507
436342
427648
436917
434603
435182
436989
435933
433878
430224
435097
434433
433509
436661
434823
432896
432438
435887
434191
438168
432268
436753
433502
432076
437219
432468
435456
435702
435686
432400
429982
436966
437699
435145
437935
435195
437955
429458
436074
433755
434310
439974
432839
434386
431375
434287
435598
436030
435312
434451
430856
437897
432898
433689
437248
434886
434899
429337
436824
438528
437914
438284
435466
435324
430446
435343
435101
434110
433349
435845
435304
429099
433629
435100
434761
435031
436684
429263
436817
434808
435696
435921
434347
431347
429507
436461
437886
433990
430692
430555
432824
430053
434702
434620
435758
431963
433005
432713
432765
432811
436418
436519
414508
430483
430869
432914
432963
433697
437361
436626
413213
428742
434726
436258
434331
433799
433651
429349
435379
434896
438544
434333
434210
433635
431800
431472
434233
434355
434554
433120
432872
430397
435876
629214
433471
436829
435239
435991
432250
434018
429065
434187
434420
433738
435208
433736
436389
431670
437029
436805
435570
433776
437319
436315
434926
435360
433938
435585
437751
434047
432012
432879
434612
435099
436695
436094
437897
429770
433669
436363
436796
437403
432060
433392
431270
435309
434409
436518
435751
437141
434103
432710
436677
434959
436600
436115
432903
436896
433902
434913
436919
437278
433317
434168
431032
434923
436995
437519
436882
434795
435641
426558
436112
434633
433997
437300
435546
431887
431046
435952
434531
433853
433806
433979
431664
433833
434305
433007
438392
435737
430939
429455
433666
432704
432186
435941
433687
434932
432756
434298
432442
431460
433256
431669
434503
434097
437282
435393
435775
434948
435485
431748
434748
434259
434706
434290
434281
435010
428335
434835
434567
435275
432225
433135
435673
429038
434015
438411
434834
437347
432407
429421
435302
435117
433940
435163
409892
434338
430292
433295
434140
433869
433934
434949
433112
433664
432180
433916
432043
625822
541072
436754
436517
430410
434600
437507
429738
434792
436294
433184
410133
433323
433935
435356
435717
435631
437295
432241
433769
434508
433322
433610
434446
431901
437010
433610
434113
436647
431282
440394
429104
438461
435010
434829
433928
434865
434775
432931
435051
435933
434574
438892
434860
436218
428569
434975
435918
434318
433101
433807
429682
436836
435596
433397
436289
433517
434495
427659
436477
433848
434461
436719
438319
433897
430851
434049
433634
434418
433606
432735
430928
434749
436346
434430
435112
436431
434210
431535
438640
432084
432374
434737
432697
433911
432457
436077
433089
436063
435460
434033
434008
431676
435861
435593
436356
435889
436420
431153
433453
436050
434892
437785
431280
435905
426943
435491
435963
434928
434196
433723
437521
432279
432171
432145
434118
433127
435964
433982
431430
435771
436097
430774
432144
334383
430574
433675
432221
433877
433935
435338
432073
432784
432292
434044
437022
434692
435815
431401
437505
433466
435015
435517
433318
435283
432274
437352
627995
435017
432455
431295
436065
435358
631494
434905
435030
433996
434312
434774
437687
431417
435568
434446
435780
435072
435967
434681
431158
433252
432842
434860
430056
435521
440005
426258
433433
432608
434460
432774
431783
430015
434717
435220
435913
434851
431655
435676
432452
435166
435797
434346
434024
434138
432438
436187
432311
435892
437072
435764
435373
427971
435933
436547
432995
435582
434748
433970
432251
435194
435223
433246
434736
435809
433589
432354
433508
435559
437414
430481
435932
432447
436628
434386
433147
437350
431969
434398
432273
435750
433921
433535
437630
434964
435512
433658
436187
431875
435088
434593
432618
431528
435323
434791
434820
436588
435179
435423
426738
438166
432453
435246
434307
432559
432966
442453
436474
432020
433993
434671
435974
435589
433846
435759
431246
434435
436260
434850
436341
435149
431307
433767
435290
434501
435548
435016
434839
405809
436985
434835
436799
435728
438246
430202
430447
435422
434900
433782
434123
435208
434990
432043
436097
437384
436419
436441
433129
430634
437151
436404
628580
419546
428998
431514
433689
427406
629571
430910
433506
436580
435635
433799
427851
438887
436125
434529
433914
435519
433507
434535
435076
437600
432207
442326
434303
431728
430371
436783
433769
437622
437589
435394
435143
435529
436166
435259
436609
411538
431327
430110
433586
433906
433536
434727
433652
432461
431289
433323
434630
435261
432258
433364
428710
432249
433077
434694
434259
432113
449549
428923
436788
433087
434752
435112
433214
432746
430925
437485
434291
433868
433712
434361
434641
431224
435295
432547
435690
432071
434683
431820
434187
434087
431418
434615
434965
434928
430235
436039
434704
436693
435063
435328
434088
431619
433714
434113
432884
434778
433892
429509
436758
434006
433349
433996
432208
433930
432986
433227
433747
434254
434286
435240
432699
429805
433005
435551
432548
435826
436851
435041
434526
433465
431817
435244
430815
437485
430105
436868
436697
432784
407460
435106
435184
432994
434870
435358
435223
436758
436907
435174
430611
434953
433297
435714
435132
437704
429290
435921
431802
432912
436335
433395
430556
423654
433456
430938
432659
434590
434280
432450
430974
435189
432128
432871
409235
431257
430522
433733
435551
434112
436207
430822
432660
432523
435359
435181
435725
435333
433082
433925
433498
432287
431985
435282
433685
435879
409841
433836
433226
438164
436359
434970
433716
432224
435534
434692
435543
434510
433521
433126
432816
430949
435330
436605
431841
433155
408266
432984
436852
433197
435781
435548
436969
431006
435574
433663
432140
435548
435505
433723
432351
433702
433446
436837
432482
435723
409890
435025
437391
435358
432902
433647
435092
428787
432651
435934
435278
433615
434834
433859
435318
431230
432783
437743
434942
439063
425364
433394
434692
435512
435171
435164
434711
429185
433773
430515
434620
436264
433808
432622
429278
432062
434252
434579
411287
432822
431071
434269
434245
433369
433223
435570
436406
434573
434941
436041
432874
308516
431307
429058
433519
434321
437430
433390
433290
431076
431986
434517
433955
435323
431584
436570
428545
434337
433066
436774
433423
432889
433833
432981
425071
431944
439418
433845
630131
438403
433928
432781
434482
434078
428597
432744
434136
433246
434737
434521
434219
431895
431943
433454
433548
428327
435003
430376
434835
435357
432540
432287
436152
434220
429508
436265
433044
434580
434675
433009
433476
429813
434206
433885
434103
430641
436712
430011
436030
433005
434351
434291
433504
437570
428314
433964
433273
432625
432912
435466
432592
429690
433456
432933
432699
431397
434692
429848
434506
433703
434292
436744
434764
431789
430516
432585
434177
434989
436296
430618
433509
431999
432185
433150
434651
432220
434904
431025
435856
431453
433358
435081
433646
432172
431934
431022
431444
431066
434153
433232
432607
430620
433076
432877
431213
431243
433523
427953
434711
433264
430969
435637
431244
435065
431554
431107
431507
434020
435696
433979
432887
431897
434313
431148
436670
428934
435564
426709
436035
432296
432770
434848
229569
425931
433772
432521
434423
431580
434413
426948
436123
432707
434091
435508
434000
436004
430553
435258
434891
434521
435006
435261
434550
430150
435538
436585
428334
435526
433287
435079
435368
626869
434559
434894
432546
435689
434369
434853
431596
433362
433803
420652
433465
435284
434055
435314
434746
428199
437204
436004
437501
435787
433692
430586
428965
434874
433751
434102
436964
437030
435440
432555
434122
431179
433074
437189
432255
433681
434911
434882
430218
435723
434731
432595
408058
433353
434717
436164
433811
433757
436194
429077
434492
434751
436205
435820
433767
433770
434974
434398
435922
437251
429966
436570
409981
433200
434517
435584
435122
432562
435772
433025
434550
434357
435321
435108
433715
431102
427793
431758
432082
433123
433747
436105
429866
436064
434588
435260
439389
435731
432906
431109
432643
433645
435323
435603
433406
434350
433340
434717
436526
435794
433469
432858
431672
437918
434915
433435
438110
433436
433784
431266
435060
434830
436038
436579
436659
435794
433322
434696
435141
434527
437058
436204
434048
327227
435370
435962
435725
436635
436322
432354
435942
436275
435909
437933
435997
432253
434682
434625
435429
437246
436384
431649
410483
434319
433756
433110
628556
439743
438112
431054
439666
411551
434746
435051
432584
436025
434435
433048
430276
435784
436782
438044
435807
435506
434750
432719
435049
435035
435987
434358
436046
428767
433482
424228
434119
431694
437602
434292
430236
446455
426244
431682
435256
435764
436547
435810
431256
437083
432994
435467
437280
434683
436046
431420
435837
434328
434734
435530
435371
435268
431933
436409
436589
433508
434237
432171
431261
437423
434873
435354
434293
434173
433039
429848
437725
437385
436585
436459
437750
434201
433790
437542
435651
437059
436607
435846
433909
435087
437853
435481
437572
435556
437670
435112
436516
436348
437143
436004
434336
437752
433918
437661
435701
435079
437005
434442
435973
429613
435904
435216
433228
434451
434269
436182
432278
434774
435872
432724
435285
434087
434970
431473
435641
434290
435207
433206
436427
431313
438661
437787
437691
437553
408736
431456
429506
436480
435429
436480
433895
431252
433299
432097
435130
434061
434953
436138
435293
430574
433936
435516
435010
434060
435051
433938
433563
428169
428925
433708
435367
433883
434744
428306
434332
435156
436901
436697
432378
431999
438297
433310
437018
433136
432728
434517
431667
432611
435755
434975
434499
433056
437382
427564
434212
435138
433794
433632
434324
431779
434397
435226
434213
436959
432665
437632
428715
436312
433713
435207
432836
435422
433196
433007
435902
433159
433012
434593
433416
433486
433361
436236
433060
433573
436779
435143
427684
437133
433488
433270
435578
436882
437422
428947
433354
433143
434733
435843
434722
434010
433071
433605
436826
432707
434575
434149
433617
433696
435208
435509
436902
415097
431082
431279
435338
435177
434893
434634
435441
436874
433092
436518
432989
435742
436624
433468
433381
434073
435889
434946
433597
437384
432220
428291
436743
435722
434692
434758
433466
433112
431058
436478
434266
433774
436068
436221
432726
429123
433358
433892
432015
436938
433885
432871
432329
436715
431926
435364
434451
432870
425734
436585
436217
436704
435372
436265
433955
432224
431835
433317
433898
437862
436431
628308
461065
431071
433967
432741
435205
433252
434548
433963
431026
435848
433747
435791
435009
434816
433108
433476
433866
435881
436145
431095
436153
429446
435416
435613
434844
437582
435225
431574
428772
434151
432759
436177
435516
434510
434025
429546
432559
434833
435087
433829
432790
430887
434486
434507
434124
433746
435185
434090
431216
434702
435893
434389
434980
433586
432245
432762
433825
433600
432908
434548
437987
434487
434577
435277
433682
434008
431191
433821
409539
433262
432769
433892
434538
433783
434689
432420
433778
432935
434323
434088
434470
430697
434261
434790
433001
433790
434550
432140
431192
432690
435492
432133
435119
435687
430796
431940
432525
431970
434951
433989
434308
432695
432848
433993
434018
436548
434533
433254
425907
436462
435312
432471
435138
435116
433847
431808
435531
433246
433951
436367
436609
451030
430839
415725
428368
433428
431033
435574
406797
434067
436944
434330
435975
434706
434457
433317
435323
435718
436082
433061
435173
434303
431493
434533
434101
437207
623715
428289
435394
435917
437135
432732
434331
434271
435958
434180
437434
432423
431239
435476
434889
433904
435312
436061
433023
433349
435097
435025
438087
434856
436810
430604
439280
436097
433835
437622
434482
436691
432314
435342
437128
435153
433814
435673
435032
432258
432971
433651
433276
433427
433353
432676
435680
434997
434278
434228
432461
434302
409321
431598
435813
434327
435048
435470
435836
433504
430515
433604
434120
434352
437023
433315
433521
434915
431816
436963
431499
432353
428353
437132
436141
432482
431704
433229
434759
430643
434317
433746
430179
434168
432873
434288
434248
433386
436148
434749
434493
439249
432857
435491
434497
434006
433121
443307
433323
432489
435694
433909
433451
437066
432161
432512
432053
434067
434674
433124
433906
434621
430833
437885
433358
432336
434059
433956
431659
427300
435643
434889
435220
434552
388441
431815
433445
433068
433749
436451
410137
434679
430211
436767
436428
436144
437041
434026
434083
431655
436276
434365
432480
436184
433687
431774
432692
425354
434407
434744
430514
436941
427720
434587
435106
434106
434087
432788
435640
432558
435177
436333
437173
436147
434369
431940
432200
435011
432210
437023
433687
433927
405974
436338
433587
431249
434317
432940
434339
432354
431185
432882
434323
436720
431712
432986
433285
432865
434105
429523
407507
433684
431739
434367
436684
436111
434560
433211
430792
430789
433393
434098
435186
436912
435847
432900
430698
435731
434697
433248
446041
429332
432533
432271
435009
433636
433512
437602
433850
431979
430417
435052
435029
436276
436266
432476
433143
429446
435188
435230
433473
433504
434006
433782
434527
434698
432717
435107
432850
435205
428161
437769
432470
434971
433805
433682
433470
429892
436169
434045
434162
435447
437643
433004
430439
436563
432280
433435
438844
431630
430353
436917
435033
436718
435765
433263
434059
432112
435769
435526
433848
436705
434580
201637
432097
434176
433478
436195
430575
430926
432810
433835
434031
434739
434207
434244
430615
435158
433986
436388
433451
436016
430008
433634
435550
434609
427070
435120
625968
427811
431104
431579
433967
430789
434583
434313
434889
434420
436015
406860
433646
436403
435533
435916
433523
436853
433743
434590
434661
435131
435462
434220
435515
433424
435594
435013
437370
432621
435636
432533
435712
435985
433655
437092
435441
434469
432378
434762
434131
434796
434328
436685
434995
429373
435535
436441
433774
434517
435784
436525
433439
433559
433835
436141
429317
436491
411452
432343
434071
434133
435514
433517
435833
433472
432892
436361
432837
436015
435155
432913
432361
436246
432281
435083
434279
436963
432734
436169
436048
434387
435826
437088
435133
431117
430401
435492
433847
434676
435492
431745
427935
435256
436233
432253
435105
431070
430000
439467
435474
435979
432446
435087
412700
431151
430885
434107
432697
433494
434810
435207
452889
434315
434897
432704
433704
434373
433265
433797
429857
435087
433478
437874
432964
434423
172730
435329
433478
435776
434500
429600
435441
435697
434999
438439
433686
434210
429923
433471
434666
434159
437082
434811
431958
432495
433225
434979
433950
630265
427183
429051
434030
426388
431038
435981
432442
631345
435427
434861
432594
433191
436143
434546
436656
435470
435133
433990
432553
434710
434821
433132
435811
434225
428413
436977
435173
433664
434569
434883
433917
430804
435182
433815
433507
436966
433615
433321
434264
434031
433565
435164
430001
436272
431481
436801
433707
434348
436654
433112
433293
429804
435538
433686
431744
433266
431548
433036
431270
433508
434087
433687
432305
434191
425016
431084
432942
435028
434958
433622
435462
431251
435938
434434
433352
435002
432323
432861
429448
434153
432809
431470
435194
434169
427766
436062
432527
433487
432885
434208
433928
433831
434791
432183
434033
436928
432533
433291
430568
433822
434593
433984
433550
431047
427563
437121
431638
430848
433548
433475
433620
430169
432572
435741
434394
435994
431180
430594
430707
434393
433280
430504
434936
431243
431387
433200
434414
436125
432225
431307
432225
251497
433651
434519
437388
434519
431025
429887
434438
434051
432117
430903
436923
407823
432448
432836
430376
432232
431456
434016
433374
431603
433061
432095
427358
432316
434733
435837
628841
435688
432876
426507
437193
431866
432927
432528
433864
432335
430075
434216
434659
433887
433102
431863
451319
440964
430975
435292
465530
435122
433512
435439
433336
433320
435899
434292
435589
433556
432604
436492
434501
426707
428485
434124
433284
412121
432100
428620
435110
434779
435386
435978
432328
433056
428664
434298
435828
433855
434920
435474
433043
432294
435197
433181
432584
435462
434619
407973
432705
434072
433083
434272
433711
431993
432226
432902
432889
433112
434041
434932
432723
429882
433933
436560
432456
432441
433082
429789
432338
434696
433855
434829
434223
433497
431887
432902
432241
434111
435073
435163
430969
432721
435653
435328
433751
435891
434212
427900
436927
433743
433194
432705
434150
433662
430113
434327
432909
431542
432158
432923
434417
430813
431096
433288
433467
431459
432066
433397
432414
434791
432057
433692
433267
434989
428881
435405
287609
431691
429740
432578
434310
430599
433955
434881
434076
436189
425311
436383
435394
433096
436194
432521
433661
433383
432820
433295
434448
433785
433959
627809
440536
434421
431105
436761
436523
433826
435661
435728
436910
432432
433505
432247
433579
431758
438132
430913
435876
433932
435461
435012
433915
431148
430978
434187
436237
432825
436075
434073
434026
429243
434271
433571
435940
437510
434941
434500
429741
433910
434330
434322
432515
434177
428705
436148
434254
433143
435421
433481
430908
432433
434186
433575
434890
433622
438043
433854
430872
434318
435051
435051
434415
434099
430650
436946
436320
431819
435979
431882
436123
430292
433251
433054
434953
436366
435406
433515
428492
432506
432065
433908
435966
433820
428137
434696
435594
432743
433378
434813
432172
429342
432962
432802
432784
437065
432346
431720
431543
434129
433259
435304
437078
434108
431330
430651
432916
436519
434811
435879
433108
430348
432241
435173
433164
434696
434846
435745
430774
433528
432944
435545
435093
435384
434475
281624
429326
436843
433366
436332
409836
433070
432123
436460
434667
433578
433575
430823
436809
436379
434168
436704
433548
434032
434206
434360
434569
428715
428663
430179
430765
429751
631063
430164
430194
431409
434908
435017
433502
435724
434175
438486
431056
433964
435881
435529
436720
432697
429168
437876
433699
434359
434409
434938
433727
433272
436379
432393
433428
435358
433705
432385
433613
434789
432150
436975
431523
434308
432039
433568
433218
432712
433726
433475
433876
431525
433564
432539
433862
434074
434330
429892
430465
433205
434312
433956
432681
433225
429400
432096
434105
433862
436313
433133
432461
430463
436182
432747
431877
433448
433759
429671
435979
434935
433020
437137
435574
432844
430381
437138
434669
433882
435574
433433
431195
428499
435219
434676
434703
432307
431943
434269
436068
434184
429367
435783
433757
433407
429852
435524
431986
432805
431704
431290
431657
430194
436048
435805
434024
432144
433821
433302
433448
431082
435465
434400
433571
437001
406169
433127
433586
435441
437401
432686
431587
431644
180321
432482
433442
428570
435312
436758
433707
433437
434026
434397
433231
430885
434248
436565
434910
430791
431269
430052
433492
435681
433362
434025
435180
432464
433568
626156
433892
429663
435342
433551
435025
436308
435405
438001
434770
434600
434470
433210
434750
434617
433556
433336
434005
436622
433702
432821
432268
431598
432989
435907
434184
437050
430582
432038
430042
437371
437057
433507
436215
432451
432642
429995
432486
434801
432800
435331
435331
436059
429011
433951
433620
435154
433369
436220
409041
433424
435296
432733
435200
432530
430241
434706
437533
434312
434019
436365
435362
437303
433780
434719
437098
434965
413118
428923
429466
436842
437205
434957
432605
434899
437777
431270
432133
432921
434148
435339
434066
435347
433612
437292
434000
433572
435552
436168
430149
433435
436178
435487
434328
434569
433438
433685
433346
434472
436068
433674
434142
433564
430834
434476
434643
432927
434310
434370
432081
435400
435399
434866
435851
430784
435756
425630
437199
432668
433965
433264
432675
434757
432322
233435
430878
433882
435485
430255
440466
433949
433576
436448
434400
433678
430036
437405
436169
432422
435753
434624
434792
431504
434147
432431
435957
432701
438746
435589
430793
436620
629499
423970
428533
433707
433082
435917
431784
433485
433447
433317
433069
434699
435572
432196
434919
428496
436768
434740
432855
435680
432279
434580
430327
435734
434678
434984
435968
433484
430892
428526
432043
435441
436653
434814
436181
428226
433672
434500
434249
433133
431609
434027
431271
432469
433668
435451
436761
435355
435517
431615
436203
435579
433348
437143
435924
430111
432893
435197
435889
435999
431618
434749
431178
433005
434340
434623
433441
431164
431831
430422
432282
431779
433236
433748
431906
432043
432384
434918
436593
431194
432101
432628
428011
435369
434104
432063
433484
433865
433043
430837
434139
434570
433928
434011
433438
432767
432140
433480
433246
433748
434810
433405
428865
434228
435247
435155
435948
435328
430474
433984
432682
434405
434888
434090
433617
433446
431967
433300
433029
434217
433286
431234
427321
435132
179979
431616
435342
426289
436711
434066
433107
432966
434671
432639
431608
434134
434788
432743
434108
433081
431431
431579
435663
433806
433806
432579
434649
629760
435290
431329
434487
434106
435719
435643
438225
436010
429635
435520
434530
435752
435320
434353
431597
435261
434110
435406
436695
431075
433858
430029
435200
433184
435755
436430
434010
431469
429758
433463
434034
433425
438132
430234
432262
433208
432985
436294
438388
431466
433077
431187
435760
433506
434220
436001
434471
435097
432675
437358
435102
435712
452045
432148
434562
429292
435194
433292
431682
436324
432892
432925
430467
434640
433930
436800
433271
433337
430608
434708
434326
435388
437266
433427
433337
428995
433529
432226
433924
433475
432077
434406
431329
436239
433283
433229
434196
433828
431536
433084
433270
432615
431624
431682
433908
433627
430179
434839
434070
432923
435190
435015
434005
438192
433620
436708
412904
432504
432203
438000
435360
433846
435601
435496
437176
430999
436499
436154
440503
437157
438056
438201
431038
303815
434204
436572
432549
433319
432965
435090
433749
436208
408657
428933
430244
432176
432561
435118
436042
432333
431606
429875
434456
433452
434899
435569
431906
434290
435194
435660
431510
430801
628190
437717
441102
435235
435917
430281
627449
427290
434505
432321
435364
432562
435052
433674
433996
435785
439128
434430
432000
432663
431910
435656
435492
435276
437276
434935
433041
432928
432704
434474
434558
434073
434528
436966
436168
435748
434558
435595
439348
436205
433415
432846
434850
435389
433860
435572
435615
429184
437355
435630
434309
436117
432844
432210
433112
434084
434807
434167
434912
434789
435957
431659
432808
434333
434036
434440
434690
433066
435017
434550
433873
436577
433617
434420
431135
435392
433541
435832
437292
433673
432580
431248
432190
434120
433917
433923
436336
436697
430861
432112
433929
435834
433819
437680
423944
437467
435207
433758
432856
438351
435497
430456
436080
437010
434111
435866
435546
433449
428287
436807
435907
433804
436543
432425
432024
432626
435261
435548
436129
432869
433950
429760
435760
434962
435997
436149
433113
435033
432723
433631
311363
431169
436191
432023
432887
434225
436242
435589
434333
434037
434980
435705
433056
435054
437533
433969
433313
430752
437431
435572
435097
434211
433049
427369
430565
432422
433930
434693
436102
434706
433513
432357
436673
435737
432745
434838
435365
429337
434687
435689
432328
436246
435342
436170
431060
432876
434615
433227
436271
433487
434108
431766
435320
435181
433616
433680
436434
433868
434410
433969
434343
439008
428568
434484
406821
434306
435649
435064
433497
435271
435756
432158
435940
437591
436626
435939
437293
431717
431847
432755
435394
434048
434813
434148
430682
437239
436989
435633
438078
433605
436521
430584
435522
434624
435600
438072
433941
436271
432661
435644
433984
436039
434670
436413
433013
431181
434764
433641
432866
435164
434643
410338
433889
432846
433469
436919
432469
435487
433397
433994
433590
433060
437660
434063
434112
432472
435900
436731
433544
436055
434189
429519
437379
436581
433312
434870
434394
434723
430408
435657
435034
434504
434850
433367
436450
431056
434751
305431
437083
433157
432548
432145
438758
436046
435290
434655
436176
432440
433072
426987
437864
433736
435883
436948
427983
438205
435539
433865
436268
435334
425934
429680
435706
433671
432079
434102
435594
433107
436215
439685
427689
437658
430939
436282
420413
424013
431991
434371
434088
433426
435984
432779
434757
435833
436353
436207
435600
435221
429851
434418
433632
434494
431970
436871
410695
433507
434583
434342
434606
434792
434014
431817
435795
435066
436038
434240
435738
434203
433696
435293
435651
435944
433664
436013
432860
435584
434382
436312
436038
433170
431423
429053
437115
436097
433577
434283
433114
434671
430671
434591
434164
435148
434934
433062
434553
433724
432285
435448
435807
434921
434450
427554
438033
435538
437312
439221
434665
437120
431594
437426
434980
436114
436640
435510
433040
431524
435052
435729
433345
434434
435473
433044
433185
435797
436080
436246
434332
434951
427746
439237
435307
433720
434773
435565
437415
431707
432932
433886
434128
438615
433483
433425
431656
433502
283983
432146
432742
433688
433989
435435
435950
434838
431538
435075
428471
433316
435036
434757
434497
434249
437115
430662
436263
432350
433320
435163
435152
438394
433746
435917
432495
13712
9036
9031
8269
9215
9082
7515
7709
7851
9038
7722
7808
8039
8236
9199
7730
7710
8182
9165
8507
8686
7598
8054
18778
9230
7639
7861
17275
7492
7788
9102
8033
9233
8430
8554
7892
7954
9333
8035
8834
8276
7718
8830
8480
8687
8148
7990
10587
9813
8970
18928
7856
8239
7916
8224
8558
9061
7802
7732
7758
9692
8300
8131
7318
7432
24002
7452
8092
10167
7926
8997
20197
7634
8674
7590
8026
9419
8608
8235
19211
8880
7887
7466
7880
8001
8599
8615
7770
8265
8988
9256
8310
7630
23509
8144
9364
8840
8802
8290
8466
23024
8630
7853
9259
8865
8549
7348
8373
9091
9018
8728
12300
7831
7289
8997
9059
9184
8185
9971
8829
7646
23393
8953
8396
8013
8548
8891
8542
8716
7733
9360
7887
9370
9039
8611
8372
8582
7565
8931
7380
8416
8374
7845
7928
7679
7684
8825
8567
8607
9135
8501
8426
8350
8041
8531
7805
8604
8805
7881
8302
7706
8070
7241
8136
8200
8143
8738
8300
8187
19349
8682
7761
9428
8995
8323
11252
8841
7527
9567
7974
7713
7955
7763
8988
9086
9131
7575
8393
8728
7791
15833
8253
15859
7801
8930
7886
7976
8184
8969
8338
7660
8111
8435
21310
8806
8952
8809
9022
8769
8717
8999
8886
8935
9072
8335
8190
7334
9520
7928
8959
8551
8383
8342
7537
8544
8598
8224
8717
-------------------------------------

