EAL: Detected CPU lcores: 20
EAL: Detected NUMA nodes: 1
EAL: Detected shared linkage of DPDK
EAL: Multi-process socket /var/run/dpdk/rte/mp_socket
EAL: Selected IOVA mode 'VA'
EAL: Probe PCI driver: mlx5_pci (15b3:1015) device: 0000:03:00.1 (socket 0)
TELEMETRY: No legacy callbacks, legacy socket not created
Count core: 1
Number of queues: 1
Connecting to port 0 with 1 queues
ip: 192.168.1.1
server port is 8080
Expect the server to change the location of timestamp by 20 bytes
sending ARP requests
mac address for server 192.168.1.1 received: 9c:dc:71:5e:f:41
ARP requests finished
-------------------------------------
433482
432639
431032
429071
434008
435484
431343
432990
431765
433988
431675
433285
433884
436572
428977
430671
428666
432887
431424
431377
433372
434423
435517
432719
434553
434942
431203
436261
433338
435437
429211
438614
433218
433194
435484
435494
430369
432599
434597
429991
435179
433415
435758
427400
432602
434687
433536
432358
434781
434001
432254
432011
433023
432346
435728
433262
425728
436594
432943
433009
434791
434630
436360
429680
433895
431169
433282
435694
433923
435268
430251
433693
434880
432076
430873
435173
435035
431944
435731
433771
431723
433419
437715
202289
435148
435025
435245
436860
421869
435198
435916
433820
435589
432997
435516
426071
434756
431049
433114
433914
433933
433802
430257
431866
432529
432950
630513
432547
436400
433779
429194
434994
434068
434127
436257
433075
434981
428825
435594
438130
434048
433137
433304
429616
436966
436771
434563
434205
433020
434117
432765
435222
433847
434308
434062
433035
432835
433723
434159
430548
430991
434526
436354
425042
435094
436775
436805
433792
433805
435519
428684
435198
432998
435911
434089
435298
430769
431544
433331
433589
431394
431384
435019
430850
433120
434072
434708
432549
431801
432025
429661
433025
434377
432721
431133
432207
432283
430358
433726
431002
433084
433211
433991
426251
435928
432672
430828
435999
434461
434746
429955
433928
435698
432564
434860
432033
433487
432241
425307
434341
436075
433139
436584
434060
433811
435445
434274
434425
433915
434691
428967
435830
433377
432579
434467
430940
434163
430587
433737
438627
432736
435495
433487
436819
426597
433849
433348
434851
432543
433548
198824
436447
435783
433184
434969
429666
434367
436351
431512
432690
432994
434348
431375
432758
434328
435896
431027
434272
435142
428651
433159
433803
432769
633074
430655
435858
435940
628897
426314
434174
430671
431880
434718
434157
435015
433706
432946
432502
438116
435038
434876
434227
434177
434684
431548
436294
433015
434616
435388
434507
434904
428848
435405
433892
432312
433793
435074
426512
434149
433064
433431
434027
431281
434625
434389
434343
434870
435877
436897
432625
433810
432994
430912
434384
435210
435138
434426
427536
437221
432713
435705
433923
432625
432933
430790
434969
432607
431961
433515
433371
431010
432612
431766
432692
435106
430491
435594
427878
437115
435091
432813
435584
435419
431201
428306
433741
432499
433901
435321
434565
431897
431154
432503
434785
433009
435699
433758
429761
434933
433455
432960
434517
435837
434805
430917
435533
431960
435174
435128
432345
435800
430716
432069
432445
435062
431013
434734
433582
429772
435016
435556
436952
431868
434807
431010
433113
433237
431938
435719
434090
436069
199188
433046
437149
429028
432567
430276
435892
436290
436240
439137
434473
431875
429287
433749
435128
434666
434621
436241
429622
433461
434554
432868
432982
628878
425996
437923
429091
431646
434228
435710
436841
434296
432496
433279
433095
431938
434272
432288
434353
430603
430470
432730
432665
433496
432240
433502
430184
431746
431534
432626
435158
429989
433469
429542
433938
432617
434944
435699
434468
434989
431769
432656
430885
430410
429609
436138
431332
433989
434449
431918
431987
435071
434950
429901
435169
433128
434742
435754
434605
436141
428241
433312
434115
436010
432124
436679
435453
432287
432627
434304
435719
432808
433517
430047
434775
434904
434351
434877
432069
433323
433544
435981
433935
433560
432509
434549
435003
434524
431289
433605
433206
433663
434253
431194
431616
431694
435662
434721
433193
431461
432506
430805
433387
432575
433867
432584
435056
432177
432101
434156
427732
433993
434285
428460
432340
434752
434952
435971
432101
434624
431018
433596
432670
435087
432285
435715
434122
225979
433666
436779
430502
431145
430147
431237
431349
434863
432298
432625
434311
429874
431538
430662
433455
432892
431599
431022
431055
432948
434910
434610
630298
428542
436260
408977
433466
434532
437702
434228
429487
436175
432987
435932
434315
434153
431744
435205
434930
429865
435040
433200
433282
433948
435258
429071
434957
435639
436033
435163
429807
429738
429330
434567
433674
433081
434210
433649
431075
431231
433220
434149
435688
428953
434451
426965
435502
435288
435012
434653
432513
434595
429025
433538
433563
433165
434369
435600
432241
430348
432911
433685
433792
431279
435517
409000
433294
432872
431674
434550
433245
433164
431421
434174
431734
435815
436562
426717
433990
430175
433286
432868
434670
431534
430572
428343
432602
431038
435152
432996
436901
437317
428260
433873
433765
434615
435958
435234
432190
429263
434557
435087
436097
435593
435102
428356
436172
433146
435102
436504
432871
431066
429649
432888
434439
432219
435823
432035
433922
431584
429241
432902
434088
434583
429782
427653
284122
429985
433327
434429
432187
427082
432204
432447
435944
433856
434009
434099
431043
431993
434319
437296
435946
433086
429029
431535
432359
432784
432059
629260
437041
433207
428041
431753
435215
435175
434625
434516
434969
427485
434560
433034
434276
435741
433146
435674
431058
435051
435374
434471
433330
434688
434558
432282
434974
434290
434218
432144
432120
431120
435471
433213
435113
437046
432360
435612
429214
435629
435513
431680
435255
431810
432051
432907
435094
434451
434191
433619
434617
432261
436431
432609
432587
433630
432829
432123
431502
437088
435702
433911
433714
435293
435394
433629
435385
434932
434982
412302
432339
426451
433461
433312
435964
435546
436082
435666
429625
434604
431698
430996
434414
434353
432891
427670
431279
433447
432649
435981
434769
431577
434525
431894
434688
435307
429968
432891
428432
434360
434104
431666
434088
434551
431757
432432
435225
434882
432502
432921
434292
426613
433960
431644
431325
432477
433107
433787
431717
435634
436071
433379
431774
432945
433283
228873
434235
434814
432688
430704
433301
432003
432614
433128
432959
437158
435148
434025
434432
433000
434057
435619
437108
421091
436471
434555
433855
434787
630851
429420
433914
425113
434712
433243
433518
435601
431199
435692
431072
431849
434224
432207
435594
436775
434084
431420
434847
435126
430936
431358
433056
430428
432838
434919
434697
436077
432446
433319
431437
432052
435563
434040
434520
435333
435132
433050
436093
434981
434874
432665
434289
433326
429125
432633
434359
432705
431102
431411
430996
434457
433865
429997
434921
432020
434130
429134
433880
434351
434184
411122
427957
428350
435938
436357
434445
434851
433965
436340
429206
433205
431615
434320
434402
432100
434035
432712
431576
432911
434173
432004
433443
430336
435595
433843
435657
434753
432703
435379
431360
435172
433907
433597
435517
433467
432315
429748
435522
432858
432065
433249
435153
430389
433423
433725
431506
433411
432925
430619
433220
434000
430568
434525
435573
429538
432907
428425
436483
432819
434470
432604
434543
427114
260962
432389
435797
431864
432841
429369
434237
431569
432533
434261
431615
434725
428420
429560
433038
435838
430253
432036
432061
434971
434690
432237
437322
628448
428499
432408
430960
437477
435553
435460
435034
435830
433440
430853
434881
433138
432764
432093
434656
435843
427994
434989
434493
433330
430534
438345
430066
429587
434441
434024
434875
432789
432645
432426
433204
433448
432585
432005
435844
434784
428525
434620
433185
433918
432826
433042
432881
432797
432288
434114
434097
433912
433646
430487
436313
432825
435127
433876
430129
434564
429630
433866
434774
434009
437413
435110
434855
429553
433894
435724
432543
431600
433868
429579
434814
435578
428955
434712
433546
431341
430246
434230
433841
434519
436103
432465
434871
432521
431637
436983
432484
434526
434771
429551
437289
433489
434450
436003
433478
434912
430282
432559
435569
433587
435129
435520
433769
431414
432170
431076
433789
434194
432578
427280
435964
434494
435487
437705
432589
432295
430713
429689
433938
433161
432028
433702
433827
222320
434521
436067
434981
430799
430397
435825
432184
430730
434717
432502
432374
429866
434669
435129
435482
434215
434406
429206
435595
433282
434529
434516
631830
433935
433276
427721
437323
433770
438077
437773
431506
433907
429824
435917
437083
434590
434489
435495
434329
431405
434476
434941
434954
434642
433503
432296
433887
434055
430961
435759
433180
430659
429107
434031
435528
432138
438176
430870
433063
431676
436040
434981
431895
434913
433129
435129
429845
432202
434564
433403
431797
435381
429791
434773
436779
432415
433520
434512
433083
431178
435774
431645
431276
435702
432764
432124
433184
433842
434775
429957
435675
437724
424860
434196
433083
433148
434463
435009
432223
430173
436342
433445
434692
433732
429916
431455
432252
434923
432281
434411
434353
430208
427357
434226
431666
435916
431220
431886
434226
430172
436394
435160
435631
431907
434065
434176
434983
432420
433523
433215
433293
433691
425932
434127
432410
434994
436841
433917
434855
430189
432764
432398
432506
434478
431014
434734
204894
430950
434023
433838
434543
429979
432298
434036
434087
436745
436455
437487
431899
433573
431701
435218
434810
434247
431738
435374
435349
435681
437280
629607
432667
430650
427409
437090
436268
431829
434276
431097
434716
429308
433167
432180
432901
433026
431771
430608
431462
431640
432318
433628
433432
435214
426898
430871
434292
430875
434866
436436
432593
428083
430864
434087
433084
433703
433476
434839
429728
433794
433362
436481
437087
434108
427340
434276
435400
433950
433990
432828
433068
432961
432184
434198
431887
433331
431815
432002
428565
435277
433165
437123
435589
434015
431075
430820
433471
432461
435034
433867
435171
428345
432692
431025
435554
435507
434076
435955
428075
433364
430207
434190
434076
432815
431977
434493
433030
436938
434229
432610
433019
433671
434007
432699
435702
438951
437191
427140
432111
430213
433700
430128
433499
434927
426815
434752
435482
432840
435351
434892
433994
431924
431823
434625
434353
433728
432271
432863
431174
435039
434079
433490
431923
434826
431530
257215
432912
434539
432268
430970
430832
434489
435430
435774
434989
429973
433244
429350
436764
433020
435800
434479
435110
428499
433102
431323
431985
433729
632090
423948
433762
427441
436615
431015
433119
433438
433451
435618
427791
433589
432367
431699
435472
434105
432494
427819
432585
430437
435088
435937
434303
426498
434220
432779
434653
436504
435651
431155
428603
434225
432835
431475
434699
432159
432216
429641
434507
432623
435502
434574
434969
430026
434105
433871
433384
435439
434087
435845
431499
434029
433140
435082
434535
433184
433215
430090
433818
435086
430406
431491
434967
430877
432944
438365
435543
435558
429595
434707
430048
434047
433737
434779
433969
431594
434487
431087
434266
433071
433929
435076
435041
425065
434586
431398
433877
433131
435053
435029
429752
434191
435864
431128
432651
435980
431819
433056
434619
435211
432963
435704
431195
423584
437023
435084
435013
433768
435565
436421
434582
433535
431092
436099
436343
433160
433017
432307
433552
431659
435600
431444
436148
433675
227987
431263
431702
434169
438025
431466
431471
429690
433687
411089
432470
429789
434717
431577
433298
431264
433809
434826
434025
435779
434198
435944
435111
628568
431699
439631
436821
632406
433160
433814
427940
433942
433324
434227
434676
434779
434985
431097
433928
431510
431310
433780
432569
430423
434875
434358
432982
437954
431897
435924
433678
433476
434144
432208
434344
435855
432882
435527
433769
434902
434615
435221
438402
432128
435728
435799
436297
434574
435555
430925
429890
435194
434418
434907
435564
433777
433262
432862
432910
435988
435322
435181
434482
432285
430007
435514
433928
431634
436434
434869
427979
434333
433075
431038
435614
432523
434469
431199
437142
434405
433044
435320
433230
432885
430365
432882
434068
432341
437656
433692
426702
435360
433738
432275
433928
434765
434122
429743
432804
432462
431976
431776
433349
434454
430041
435963
432755
433381
435278
434664
431672
435710
434769
434811
434966
434885
433305
430461
434938
433714
434298
433815
433485
433370
431303
434116
433750
433431
432600
435332
432907
185218
430860
429030
435674
431713
429835
433061
434309
435118
432082
431669
428259
433746
431794
433237
436681
435914
433256
430409
432182
433063
433235
433725
631553
434149
442986
434458
634153
434510
434235
429629
435132
432441
437974
435116
433559
428785
435107
433477
432962
433083
432543
433233
429544
432328
431494
432753
435151
430512
434061
428480
432251
433336
432796
431485
431435
431965
433512
434924
430111
432746
430552
431862
430388
433639
431292
435184
430232
435270
432383
433810
433283
434212
433026
432435
433461
430210
435171
433175
433863
434596
429018
430761
432040
432696
434572
431182
429165
431314
429826
433081
433001
432682
434368
433588
433345
430438
433613
433383
432766
431889
433814
436332
430383
429899
431831
435041
435123
434355
406042
432415
435154
430750
434169
431677
433382
428906
430717
435332
431243
434611
433142
434731
430619
432216
429958
433743
431138
433943
427101
433928
432955
432325
431944
430796
434951
429870
432465
424191
432736
433651
743318
428178
435857
431112
432862
433657
433763
433924
431868
436919
253671
433882
432906
435139
434621
433545
432677
429385
433871
432618
433156
434217
429412
435679
436020
434026
433309
432989
433774
428874
434408
436735
435953
443707
435299
433608
429632
435702
433225
434548
432954
432125
431014
432206
434477
434169
433545
433370
434507
430253
437405
433243
434938
434364
433584
437293
428784
435292
432967
432491
433619
434529
434707
431903
433568
433856
434922
432904
433712
431697
436476
433746
433380
433916
433815
434371
433326
433670
432703
434836
434505
436211
434297
434794
431113
434235
433352
434195
435397
432208
434459
433700
434364
435160
436126
435538
427539
432630
434240
434400
435248
433702
433973
430591
432794
434964
431449
430765
432690
432569
431662
433647
435947
434574
430855
433061
430333
433800
433873
431778
434168
434247
432891
428786
432635
434525
434127
440614
432263
430637
434731
431975
434474
435969
430938
434065
429515
434832
433942
434343
435517
434731
432687
432401
435170
436130
436364
437237
434655
431701
428419
433895
436138
433041
434517
431138
429856
177191
434342
435976
435577
429159
434810
435127
435079
434419
433600
433928
431343
436004
436760
434047
433200
433201
435332
432897
431738
433157
436776
433454
438014
434611
631232
438898
431247
431635
432161
431718
434451
430871
434267
427891
433556
434492
436243
444106
439102
436217
428425
428922
433667
433494
432257
434045
432790
432714
432233
433888
431596
435190
434745
431605
429922
436336
432661
433663
433332
431887
432666
432284
430963
433917
431872
439539
430284
434445
432035
433420
432676
433134
433065
432502
431539
437430
438364
435918
437046
435681
429887
430248
433680
433205
433147
434792
434487
430917
433919
430985
432600
435166
432809
434449
426786
432964
433866
431658
440711
435594
434646
429489
432925
434084
432467
434334
434143
433758
432140
430994
430731
434393
435613
435631
433264
434899
435508
433926
434948
437897
435028
429241
433273
432857
432935
432424
434969
433815
430196
432748
433364
430286
434468
434712
433129
429010
432788
432836
433605
433483
434759
428947
434949
434685
432582
432986
430876
431536
429307
434597
336210
429140
433685
434910
432278
434898
435820
435860
433287
431619
436708
428941
431480
432151
433666
434312
433738
429960
437080
432263
434838
435398
433384
626645
433929
428117
436796
432425
434153
435743
433910
433971
428487
433690
434107
431864
435978
434032
434163
431616
433261
431118
436183
432474
432664
431076
433827
431401
431715
435615
432764
431522
432488
434095
433164
432162
431423
435699
438871
429407
433916
436458
433484
430033
431645
430549
434584
433274
431414
436045
435341
433224
427553
432301
432502
433455
433827
433079
435730
429646
432454
433505
435572
430894
434412
429110
433631
433269
432562
433773
432036
433564
434645
431090
432199
435275
433245
432217
436224
430558
435409
433479
433414
435389
432253
429370
435502
433425
434074
433725
433688
435093
432390
435425
436051
430961
434370
434590
433465
430737
431686
437518
433753
435036
434311
427131
433632
435539
433483
434003
434126
435433
430028
434822
431625
434706
434796
431094
434046
432200
432598
433463
432917
432261
434738
430828
434671
253817
435558
433040
434323
433786
435318
436405
433856
440261
433864
434543
430093
432886
437666
432036
433842
433106
430396
435128
434683
434913
434906
433772
437240
435016
630021
428200
430211
432059
434043
432162
435148
434010
434065
429130
433128
433131
434815
434890
431854
430761
434005
434420
435056
433811
432727
433729
429344
433316
434108
433984
437570
432279
437143
432408
434636
436099
434091
433424
433094
432036
434133
435467
436678
434359
453707
434955
428914
435432
434931
434822
436430
434329
430207
428800
433870
435667
434241
434633
434072
432784
430260
432190
432312
434121
431486
434872
428743
436022
430205
431915
434478
432889
431233
434313
429658
430389
433256
429736
435532
433541
430225
433619
434046
434976
433268
434924
434755
432494
431200
435287
434349
434265
433888
433087
431635
436103
435027
434363
435129
435044
434164
430968
432910
433825
433304
431785
438264
433068
429422
433853
434415
435394
435020
434156
444141
427100
431230
435520
434335
431778
432328
431223
431842
433435
433246
433313
435515
434586
433531
436151
431305
434751
434873
435764
439974
431717
434225
431894
431548
433528
434938
431396
435190
431574
433924
435984
435266
437098
436753
427172
428764
432077
431673
434181
435401
433385
432482
625887
417728
434693
432917
436718
436235
431415
434834
429333
433381
430730
435071
436496
435199
438837
442520
429507
433271
433097
433710
435164
433898
433730
427145
432447
433685
432922
435880
433965
427254
433364
431297
434030
436277
435145
436335
430818
433709
433307
434458
435041
434893
433270
430762
433479
432175
434518
432480
434200
428857
435385
430184
433235
434065
430596
436257
426812
433553
432098
433555
432494
432354
439067
428619
431914
433024
434194
432676
435333
432522
435955
432919
434266
434572
433521
433629
430928
432496
435575
432524
432973
435308
435137
430101
431993
433349
430412
437166
433720
428969
434268
433143
432109
437132
432738
431753
430126
436948
432986
433527
434854
432558
432846
435109
433122
431493
433502
434799
436133
429582
434920
435600
432548
434592
434207
434883
443200
436414
432016
431880
434393
437081
435165
433035
431754
429930
433389
431665
436569
434032
431531
432155
431731
435553
434731
434091
434492
435338
434743
429273
435661
434016
433249
434309
434490
433942
435828
434257
434071
434804
433108
432144
432966
625824
433501
434489
434369
433719
435482
434953
433948
433230
434956
433266
436837
435322
435784
429776
437204
434055
435364
434723
430492
433108
430736
433690
435656
436451
432752
432449
434131
430420
431720
436246
433618
434108
434906
428538
434668
432346
433271
433123
431333
433861
428851
436317
437137
433074
439087
435938
435030
434488
429910
433066
431021
440037
435856
430160
432149
437949
433076
435574
431803
430819
429715
433702
434118
436778
439189
432061
432602
429986
432618
434753
433124
411944
430820
431295
434210
432967
433479
437739
432169
432805
432307
434328
433021
433343
434376
432777
431954
428823
434311
435622
432920
434944
435354
429869
433742
435932
434138
432631
433596
433574
430953
434636
432625
433184
436741
435210
436957
427299
434021
433582
432687
432148
435010
430123
431016
433703
430805
434389
433850
433846
428164
437205
434449
275928
437728
431478
430434
432991
434569
434007
427294
432769
431486
431719
435717
434146
435942
430439
432685
429311
436815
434945
436708
433848
433917
434849
434796
426621
626548
428307
434279
434083
435394
432379
435299
430405
431671
434835
433529
434928
435334
432790
428379
433615
432926
432374
433184
432383
432843
432649
432198
430605
434818
434519
432233
430031
432662
435046
432977
433246
430662
432264
427661
431855
436694
435172
436382
434723
434414
429641
434191
434090
430440
434512
435469
433420
434384
432816
433663
435540
435777
434713
432885
431755
433635
432876
433882
433303
431444
430551
433180
435334
433351
432307
435249
431759
433384
433285
432437
433967
430547
435266
430503
434521
436658
430927
435958
432603
431855
432482
428826
435025
430292
433902
432357
431717
433779
435517
433317
434194
434969
432317
430296
436645
432629
433678
433223
433714
431170
430848
432530
433885
433763
435395
433269
432280
435734
434516
432666
434744
434152
434308
432625
433409
433846
433228
434033
432599
435887
430772
434635
435083
285943
435428
432425
431847
436045
432102
434025
432574
435780
430907
436584
433281
434912
433907
435127
434065
428703
433196
438230
437332
432496
432270
433260
430077
434261
628913
434869
434441
430169
433674
435523
437725
429331
434364
433825
432659
433328
433282
433846
435575
431077
431741
433519
432827
436071
433642
433338
437968
435393
438415
435921
431838
428248
433546
432487
435005
436063
433622
430393
428992
433201
433444
435026
432788
434117
433228
432110
432988
433819
435085
436608
430673
430112
434501
433919
433680
433855
434711
434305
429764
435051
435241
434577
434186
431395
434886
427900
431977
433757
433810
435652
436080
434410
434863
435784
436016
438463
427745
449251
429686
436835
437905
434913
432705
434025
434128
431617
435330
436624
434516
438675
433439
430377
430628
433851
431315
433843
431969
433467
434089
434838
433226
435334
436362
435285
431259
428933
431822
433510
435717
436176
433292
433543
428748
433917
434794
434615
435340
433142
433208
432924
431033
435344
436170
433191
438200
427501
432539
434567
232821
432817
431846
433161
434033
431805
433812
432544
432687
434193
432302
432902
433256
434123
430867
431892
434826
430589
434797
435256
433841
430902
434395
433511
433200
625523
430948
433808
433118
433986
431294
431013
432060
432418
433420
435682
412479
431049
431258
430838
435591
432474
435519
432700
435056
430950
432247
435776
431984
433647
433773
432625
431350
435149
433679
435045
435856
432710
428467
434281
435167
432853
435296
434148
434651
429629
435246
436289
433063
434715
434444
435450
429326
433846
434015
434257
411825
432420
430694
432836
433445
437744
432881
433160
433903
431576
435193
434026
433063
435934
433134
430512
430520
435733
432343
432578
433564
434327
433287
433462
432461
431198
433348
431808
431472
431448
434342
435021
432257
435314
433760
434591
432153
432386
431610
434116
435870
432622
433684
432775
437040
435810
437316
432422
434389
431170
433843
434051
436574
434512
432656
433891
431635
435871
434769
433491
434878
429389
431824
426517
435277
431980
433981
431260
433027
428580
434071
434894
434992
334856
435436
431376
433764
434064
433123
433415
434345
432104
432126
433572
433594
432429
434656
433479
433760
429529
437640
433658
434668
432233
434475
429417
423682
429020
626591
430349
430177
432266
437021
432997
435216
427647
430143
433685
431681
434464
435441
428789
433070
434485
430859
435512
431529
430953
428347
433122
433275
434082
431548
431661
430838
431598
432305
433728
430630
433492
430236
430636
433901
433703
429810
433331
432627
432850
430923
433221
434177
430605
430677
434891
430618
432666
431626
432133
433707
430456
432035
429929
433339
433946
432868
431245
432925
431088
431102
432642
435447
432457
430850
436742
432296
431035
432336
434282
433753
432421
445075
429466
430517
431666
431255
435215
431983
430455
428577
435486
431061
433656
433972
431263
432924
432023
435201
433410
435322
435146
431573
428472
430964
434725
433669
432442
431554
431714
429938
434651
436415
431261
433805
433287
432258
430287
432156
431877
432262
436546
433319
427758
434292
432585
431653
435333
430753
433586
429785
433243
433460
430183
405567
435154
429143
434521
432454
434152
433503
431416
436179
431738
428440
431475
433528
432530
433266
429975
431989
433554
432684
434726
430784
432900
429056
436380
433282
628501
434567
433297
433555
432707
433615
434129
431664
434921
431463
436106
433991
432806
430372
436556
434297
433897
434671
430598
431923
429045
432272
433903
434328
431013
433839
429038
434135
431468
431917
434881
430893
434454
433464
429924
434727
434717
433307
440061
433676
432800
427094
434178
435181
434323
435315
434136
434088
433122
435329
435574
433331
435654
428451
434717
432528
434090
434421
434162
434751
434743
430199
434722
432497
431415
432918
434688
434244
432156
433456
432465
435546
433526
434090
428728
430819
433943
433512
434415
434830
436397
431319
433166
433945
434943
435098
433952
431252
432504
434647
434307
434781
434329
432410
434325
435011
433183
429925
433622
432750
433814
432738
434869
436374
435523
438900
431967
432904
431771
432460
433194
432676
433297
433446
432414
434297
433988
434022
435957
430422
435898
431261
433884
432948
434184
435889
361128
429712
429913
433286
432689
434569
435203
429033
430194
434929
434738
436775
435542
435163
434805
430100
435706
434296
432799
435143
432883
432026
431076
438091
435183
628790
429633
433851
435293
434518
431208
429665
437554
435471
436048
437302
435271
434329
430303
435255
434541
433934
433626
433612
434070
428671
434015
431176
434634
435594
429687
427144
433666
433986
432585
433820
432074
430529
429414
434938
435252
434968
433528
430974
406668
430387
427280
431358
433461
430085
433523
427984
435958
434510
434429
432861
436577
431194
432115
435678
430627
435169
434618
434001
431191
437947
436959
430590
429047
431412
431762
434978
435133
427962
433988
434315
433908
433865
433105
435092
429341
432738
433857
431930
433734
436147
436383
431794
431205
434586
435712
435091
431871
427541
436152
434087
433540
437361
431588
433952
429044
431575
434347
433345
432242
432882
436351
430558
433526
434206
432421
436444
434328
431437
430148
433372
432004
437517
432332
433066
428170
434578
434551
435087
433142
185866
429189
433539
433385
435537
434005
430796
429841
434697
360612
435437
433847
429751
428800
432364
432664
432874
431072
434240
428630
433048
433379
430848
434970
433447
434782
429751
431564
433307
432717
433958
433524
427037
431266
431963
432397
432989
435255
430376
432177
428838
431455
628520
433011
436062
433237
437618
430150
430502
433343
432485
434981
434402
433102
431857
435073
431687
432951
434579
434374
432194
434183
433623
431810
432701
434741
434096
429466
434646
433169
432516
432610
436390
435493
433286
431056
433889
434339
433654
433889
429324
435293
433889
435200
435016
431780
434152
430686
435031
435174
434873
438207
429861
430492
431558
435901
433179
435921
433215
433569
434979
432449
431865
433056
434477
434488
430613
428586
433918
434933
432955
431329
434174
430803
432632
434009
432784
432991
433561
433909
433550
433488
434494
434372
434899
430510
432042
428925
434148
432492
434861
434831
432494
433649
429446
432650
434329
433908
431831
433985
431532
434986
431393
435504
432564
431485
429758
430214
435530
434442
432698
431474
432844
430390
430187
432680
434086
432712
431822
433559
426569
433780
436784
428987
433451
430010
355644
430409
433323
433516
432226
432025
434683
427382
434389
433247
432600
431492
430938
431401
428661
432593
431882
430793
433483
431620
430032
436998
432356
434349
430046
430805
433059
431985
433829
627497
439776
434717
436037
626960
433883
434513
430768
430610
434974
434074
433147
433849
433246
436073
429711
430895
433262
435453
434481
433461
433760
432609
432541
434621
436590
432487
434890
430293
434098
434960
435171
436338
433268
433567
432964
433535
435676
431620
435451
434410
434390
429636
431809
431475
434435
433432
432240
430013
433918
432268
432460
435801
432036
435660
437116
431041
432733
431376
432692
435750
432888
434273
431238
431572
431800
433925
433141
429205
434221
435914
434255
433882
435186
432643
433301
434457
436914
434890
431484
431444
431832
434543
434907
436012
434059
436819
433478
430378
436359
432614
434179
433930
431171
434303
429769
434856
437686
431757
429309
435866
432578
431449
435837
436241
430989
434882
434733
427554
436385
435373
435334
436263
433531
434368
431876
430377
434256
433769
430864
435769
435158
430400
434015
434830
429163
433871
433005
331273
434454
433373
433878
431785
437204
433080
432548
434329
433027
435590
434491
432450
430847
432922
432482
432821
434280
434094
430550
429125
434387
437006
439829
430825
627614
436676
434170
431595
433503
434266
431672
434724
432538
435729
412742
429774
433608
432396
434853
436833
432661
429826
436974
434745
435180
435784
435153
434894
432727
434629
433299
434071
432768
434392
412298
432657
435300
433989
434831
433343
436775
428907
432424
432962
433782
436821
434651
430656
431583
434199
431398
432688
433845
431431
434420
433467
433695
431873
433893
434661
434528
430056
434149
433867
434239
435049
432013
434684
432081
431699
433107
432868
433891
430164
433678
431879
432705
434279
433600
434431
434702
431117
434869
434593
433045
433671
433063
435145
432776
436851
433548
433111
432519
434475
432463
433467
434495
434890
434651
432574
434956
432229
427401
434267
434144
435359
434259
433250
429716
435948
436463
432487
433574
435298
435297
428899
434584
433235
434685
434871
430135
431338
434107
434214
434979
433507
434051
433654
353452
439082
432353
432600
435743
434004
430010
435005
434970
432683
434068
432461
433287
431780
435196
434852
432583
433052
435135
435095
427148
432569
433468
423974
429945
630783
435404
428361
431413
432901
435488
433712
434967
435483
435890
434969
434025
435008
433668
433683
429133
432656
430580
433851
433513
433906
436545
432860
432247
430169
434712
435746
433945
435307
433805
431794
432555
432245
431935
433562
434094
434043
430496
438121
436779
430251
433489
433446
432098
433588
435615
433328
430007
433516
429601
435264
431682
432830
430874
434043
433063
430533
430838
436908
435089
435427
436008
435616
435202
432639
436053
431920
433930
430764
435789
409882
432199
431879
435013
433363
433369
430937
429144
434984
433900
434072
437429
431184
433428
429325
433184
433125
434548
432109
433285
434020
429358
434093
432176
437080
430958
431030
429369
433989
434064
429903
435335
432905
431413
431039
436687
432897
433344
433577
435800
434383
432163
427604
440102
433096
434406
433268
431821
431935
434429
433849
433036
434991
433637
435250
429626
434906
436020
433667
434348
435456
437294
426093
433143
432950
432707
435393
434649
432685
432367
434280
436126
434435
434340
432746
430004
435097
434148
433858
439332
432766
630131
432305
430437
431584
435985
434707
436958
437008
434996
435560
431135
433647
434655
435393
433268
436193
435798
428237
432979
435084
433749
434468
434810
435730
433471
435258
436900
438412
431702
431762
428690
433890
434144
435125
435840
440729
433202
431241
433058
435258
435696
434675
435043
428167
434624
437190
434024
433980
433351
433778
428184
433968
437852
435117
435113
434561
433287
428284
437181
433158
434683
430302
435476
433694
430802
433827
434626
435786
432471
430510
433600
434165
431470
435556
434214
434702
434653
426941
434236
432457
433804
430219
431787
432890
433287
432006
433219
435227
433945
434010
431348
433647
434168
434939
436263
435803
431817
429042
435352
435533
434724
436198
434666
434769
432062
435133
437281
432739
437861
434697
431750
437426
432678
434038
434607
436446
435064
432018
439444
434171
433998
435316
432851
435169
280724
433247
436793
433714
429391
434917
428514
434476
434785
434238
436579
436671
430055
429736
433656
432688
436791
432816
430756
432888
432461
433754
432812
428867
432218
433138
434912
434622
433171
432356
434625
649559
439682
432072
431957
432034
434838
435667
432781
433702
427674
434808
433124
433924
436178
433789
431516
429046
438195
436627
431236
432420
433126
431900
430907
431579
434474
436393
429834
432646
430203
434143
434077
430807
435318
434462
432386
429815
434566
435574
433832
431753
432444
432861
431096
431112
432167
436491
433826
429892
428326
435587
433705
432394
434916
434666
436812
427323
432543
431252
433384
435861
435030
432843
429738
431370
431715
439126
434655
432666
430274
436220
430876
432105
444179
435281
433489
430189
434416
434538
435894
431166
432564
431484
431338
434605
434272
432832
434276
434468
430034
432800
433301
430854
432026
433764
436014
429994
432810
432259
433708
433243
433691
429863
432460
431118
433544
433847
432158
436148
428530
435523
431952
435641
434115
432076
432786
434408
431342
433676
432063
433823
432615
434478
435294
409151
436963
433061
435556
431843
430801
435391
434787
432052
435030
434388
431041
431442
435547
434543
432537
434097
433930
435148
429410
433787
435134
436552
430994
433543
629782
434924
432224
433186
433020
432790
431753
433625
433911
432719
433520
434564
434688
435536
435132
435564
430632
434996
434337
433126
437721
432992
433323
430587
434608
433952
435049
433622
433969
433166
433479
431909
434600
433727
433497
436163
428830
436076
436405
436270
433210
431598
432040
432903
432989
436174
431857
434540
431491
433071
433846
434812
433422
434266
432251
434091
429001
433430
433417
432958
435093
432702
430658
429948
433942
433624
432888
434293
432646
431560
432873
433626
431535
435792
432463
431411
430482
436049
435480
433221
433202
433898
435293
429293
429401
433065
433017
433688
435455
428908
433307
435319
433967
434338
432464
432933
429873
434515
433287
432459
433560
431884
435723
430385
432123
433123
434432
434269
434468
410482
427729
431168
432966
432878
431172
433381
431220
433805
435409
431047
431942
434504
434487
431329
354680
433976
435567
432198
435914
431858
434321
433564
434368
434030
437015
412797
431112
430108
433678
433579
432687
433948
430339
436348
434116
435978
433241
441118
434235
434832
432253
629225
432380
431038
432779
437148
431068
436944
435536
429147
429847
434012
433737
433353
433160
432107
428764
434188
432094
433333
436080
430899
431470
428338
434117
433313
434197
435333
431179
430915
430671
431665
433204
434931
433917
432953
427846
430828
433638
435054
434550
434489
433109
431490
425242
432810
433969
433385
434355
434902
430594
435174
430472
433283
433263
434852
430311
434907
432743
433432
432470
432678
433845
426428
432884
433390
432077
435415
432621
430295
430240
434244
432431
434213
433372
435091
427651
433749
435241
434330
432881
431201
434166
429716
434317
432955
432009
434465
431478
435697
432088
431973
432021
432686
434892
432265
430670
436574
432380
433816
429281
434194
436411
429956
433047
435276
435806
434935
429317
433297
431782
431172
434287
432474
437674
431432
432841
433327
432464
433250
436466
433646
437846
427360
433481
435812
433997
436444
432888
435012
433600
435292
435792
434307
435960
428025
428925
434606
433722
433012
437338
434310
435531
432657
431978
434764
434662
431741
-------------------------------------

