EAL: Detected CPU lcores: 20
EAL: Detected NUMA nodes: 1
EAL: Detected shared linkage of DPDK
EAL: Multi-process socket /var/run/dpdk/rte/mp_socket
EAL: Selected IOVA mode 'PA'
EAL: VFIO support initialized
EAL: Probe PCI driver: mlx5_pci (15b3:1015) device: 0000:03:00.1 (socket 0)
TELEMETRY: No legacy callbacks, legacy socket not created
Count core: 1
Number of queues: 1
Connecting to port 0 with 1 queues
ip: 192.168.1.1
server port is 8080
Expect the server to change the location of timestamp by 20 bytes
sending ARP requests
mac address for server 192.168.1.1 received: 9c:dc:71:5b:42:81
ARP requests finished
-------------------------------------
519815
519019
522269
526192
487732
517757
518905
519223
527210
521743
520050
515963
514972
525235
517961
517961
715153
527290
516485
517603
519835
521951
520783
519772
521348
518349
520093
521305
521442
521051
522828
519745
518848
524502
522229
517650
519189
520723
523698
516378
520371
518805
519377
521914
519126
521877
523432
519719
521131
518813
517121
519010
487355
521550
518643
489444
521357
519720
522705
523599
520169
517752
520348
520431
526029
518685
523589
276347
524675
520683
491521
517534
519463
485564
516006
514664
527517
521469
518038
524328
522346
526383
525774
528354
508883
518569
524234
525432
488814
522758
518759
521410
525789
519909
522453
525540
494728
520059
525328
519581
524217
519525
520994
520299
526458
523148
520520
522238
517270
489435
518211
488825
519474
493984
519055
519514
522418
523097
523344
525938
520158
526101
524203
519382
521519
524625
515870
520180
486293
517280
521896
520069
513370
519481
523607
519784
523641
521823
516045
524467
523538
519463
519998
522874
521692
517605
521560
528155
518562
517483
519062
526555
507764
521512
511287
527064
502471
518085
473600
519197
523300
522215
526630
518464
520564
522413
520082
521727
518913
521974
524435
522291
524936
524384
519485
522082
519975
519212
520916
522787
519905
488575
519614
485596
520279
519293
522315
523057
522787
522153
522362
521697
524030
523968
519030
520968
527813
520255
524981
522787
525691
521312
518968
517117
526377
522558
520213
519868
527058
522061
488012
518085
521528
527010
520537
520673
517040
523809
520276
523682
510922
523026
524071
520834
521550
520167
523128
521500
520707
517625
523391
518707
521964
524191
524009
519207
516299
524137
525265
524049
520094
522767
517535
523501
524224
518448
521356
490843
518069
520145
524353
520329
522235
524907
519574
524284
519208
517835
522624
564394
520338
518061
520566
524005
523348
522270
522600
523379
522119
518338
524877
520815
524000
523631
524824
522748
522499
520843
523058
521369
520024
532744
520914
520550
520489
525837
506864
524061
517896
514969
521231
493510
486741
522696
521610
528151
518385
515727
520624
515708
519894
490735
518967
510882
520389
520791
523688
482709
483861
520045
526744
522506
521743
523064
522472
516338
520896
522199
526811
524094
487494
517635
540312
520758
525128
519128
518229
516814
525151
524433
522116
523404
515887
523829
520882
521132
519466
522597
512879
526532
522707
519951
517759
518450
520197
515425
518389
518779
528213
520282
519203
516971
521435
520973
525555
515133
517275
524090
517242
519727
518497
521765
521229
518145
519837
526044
520344
520576
520584
521774
520225
520145
518338
488500
522415
521191
522639
517615
490004
514484
523428
488825
519687
522201
518499
485769
517584
508519
524036
525902
518055
515057
519870
490404
519786
527677
520251
525993
524401
523516
519494
526477
520720
520717
523498
521098
524954
520957
522079
525045
521590
515729
518629
517515
520230
519728
518627
521143
524316
518651
524545
520828
521684
517605
522700
522684
523215
487619
523020
488365
521901
521576
520998
518123
518009
521416
523667
520053
517882
521687
525528
521772
715447
483415
525148
521133
519886
521368
525528
519584
520709
516389
537853
521112
521333
522943
523724
526293
522738
524449
525271
492015
524542
486464
519071
524870
522805
519150
526211
523984
522259
517027
525135
522696
514521
518809
522384
520177
519523
514419
527958
519975
521967
524303
526393
521424
486795
518781
519882
512534
524654
518283
518757
523810
486527
527147
524443
484433
522696
520393
518815
522786
520170
524565
517917
523090
522116
517304
521491
527381
519538
523164
525375
524098
492576
526136
525648
519122
528889
526798
523987
527287
531411
520929
520866
522607
523091
521738
522505
518582
526292
524909
519579
521650
524193
521595
524952
523092
522216
522846
523286
522362
521492
517276
523051
523400
524071
520710
520628
536579
508018
520077
519200
521034
522158
518785
528668
522854
522764
521871
521186
525564
523842
522523
518918
502036
523963
523389
521242
484471
522958
523600
521531
519915
524384
524164
522805
521682
526077
521243
524446
521298
518974
506783
519110
517301
520261
511649
523588
501835
519307
522578
520235
522442
523589
523884
720969
521233
520638
516135
521778
521489
522995
515189
518930
522691
525068
520611
524503
523867
526352
522958
524295
522555
520751
505557
524461
528627
525365
524917
527560
527863
521158
523626
526161
526861
519852
525127
523612
526237
522735
520166
522235
522592
524924
522849
516006
523402
505979
525809
493486
523215
523583
524557
491092
521232
519581
520896
514337
526388
521471
521219
519490
381073
525832
527339
522380
521292
524464
494466
526374
525635
520343
524887
523993
525370
524106
522801
521139
525825
527548
520435
525369
521288
520776
521892
520811
523639
520348
524448
518646
524202
529129
522175
521972
524185
526470
525237
523086
526292
522652
488859
515670
524317
521871
524170
526923
523564
520368
527855
524246
523303
523985
523424
528008
524194
527774
524223
13546
7133
8166
7956
7754
7822
6991
8406
8424
8312
8111
7954
8066
7489
7788
9079
8314
7888
8202
7725
8101
8123
8290
7764
8156
6846
7915
8116
8230
8210
8425
9008
8932
8231
18399
7802
7968
8215
8115
8161
8254
7378
7685
8084
8315
8220
8279
7902
8132
8093
8140
8549
8200
8240
8073
8427
8102
7969
8244
8216
7044
7772
8225
7227
19953
7571
17204
7425
8334
98834
8373
8272
7747
8053
7928
7943
8030
8074
7799
8195
6792
8220
7973
8071
8111
8186
8387
7885
8153
8164
7963
6778
7825
8355
9722
8070
7915
7220
7924
8194
8011
8430
7824
7871
7992
7924
8297
7446
8293
8119
8214
6849
8076
8416
8280
6925
7051
8299
8333
8358
8068
8013
7975
8185
8089
7973
8315
7182
8189
8103
8195
7851
7851
7963
7905
7834
7986
7846
9001
7680
7240
7930
8164
7974
7707
8323
8010
7198
7977
7739
7747
8074
7836
7892
7728
8055
8005
8669
8144
8208
7990
8217
8006
7196
7974
7117
8350
7873
8169
7881
8235
22616
7856
8451
8172
6764
7964
7829
7980
8042
8216
7875
8087
8052
8148
7993
8153
7985
17082
7746
7261
7043
8238
7874
7561
7558
7653
7541
7481
7536
17220
7896
7040
7607
7734
7599
7424
7776
7384
7382
7468
7827
8038
7307
7434
7623
7317
7540
7674
7264
9289
7708
7489
7522
7452
7413
7572
7586
7345
8145
7737
8057
7766
8096
7966
7984
21307
8051
6881
7098
8132
8019
8153
7722
7875
7784
-------------------------------------

