EAL: Detected CPU lcores: 20
EAL: Detected NUMA nodes: 1
EAL: Detected shared linkage of DPDK
EAL: Multi-process socket /var/run/dpdk/rte/mp_socket
EAL: Selected IOVA mode 'VA'
EAL: Probe PCI driver: mlx5_pci (15b3:1015) device: 0000:03:00.1 (socket 0)
TELEMETRY: No legacy callbacks, legacy socket not created
Count core: 1
Number of queues: 1
Connecting to port 0 with 1 queues
ip: 192.168.1.1
server port is 8080
Expect the server to change the location of timestamp by 20 bytes
sending ARP requests
mac address for server 192.168.1.1 received: 9c:dc:71:5e:f:41
ARP requests finished
-------------------------------------
509869
503133
500559
514674
508226
514511
510458
505567
509028
518600
508122
510827
508752
502686
505264
509402
507486
510446
507345
515388
511237
511253
509506
506503
502789
520501
504130
503981
514535
517768
507254
508636
505486
504268
507951
505374
502117
507553
505060
508576
504549
508020
502158
505402
504047
506391
506838
505858
504789
504932
520653
503892
503216
498312
505578
503044
511430
504812
511195
505829
507921
496848
508780
503586
521531
503076
506623
504398
508223
506987
504535
503929
503595
504765
509405
510383
503358
503545
505652
502169
518692
504317
506441
512146
504324
518293
502841
507142
499581
505628
508553
503358
502764
504598
502397
507307
505871
502152
502211
505727
515085
505324
521933
515104
513630
506215
517762
504502
501804
502391
500226
503417
501015
499792
519329
506614
501966
505272
500887
506893
505757
505459
504967
508843
508965
505317
503248
501051
502052
500861
695937
516671
693548
503661
504942
504871
517053
503594
503564
501607
506492
508804
501128
503414
501384
510138
801398
521317
505185
502351
505968
502051
504657
501186
503717
522458
506306
501396
521798
505532
502918
504889
503253
504790
501619
504276
503815
504780
500701
502634
499639
503473
501015
503632
503287
500454
509261
505876
512434
502291
503530
507096
505655
518794
505769
502261
505846
499071
506139
502866
505040
502451
506964
505329
504422
505697
513280
502121
503196
504200
520514
508382
505532
-------------------------------------

