EAL: Detected CPU lcores: 20
EAL: Detected NUMA nodes: 1
EAL: Detected shared linkage of DPDK
EAL: Multi-process socket /var/run/dpdk/rte/mp_socket
EAL: Selected IOVA mode 'VA'
EAL: Probe PCI driver: mlx5_pci (15b3:1015) device: 0000:03:00.1 (socket 0)
TELEMETRY: No legacy callbacks, legacy socket not created
Count core: 1
Number of queues: 1
Connecting to port 0 with 1 queues
ip: 192.168.1.1
server port is 8080
Expect the server to change the location of timestamp by 20 bytes
sending ARP requests
mac address for server 192.168.1.1 received: 9c:dc:71:5e:f:41
ARP requests finished
-------------------------------------
437837
433392
431414
434316
438229
433469
432602
435682
437184
432733
433278
435273
435300
431889
433700
432388
433981
441218
434671
435330
429690
433707
434861
434092
433308
436073
436214
432736
433251
434296
436743
436381
436351
431159
436411
437345
433476
438888
434082
436247
430135
435133
435079
434741
437810
431427
430152
431357
435283
433757
434925
434149
434140
436241
431807
433870
434949
436300
436257
433742
432343
437538
437442
432943
436082
434425
433491
431668
435665
434183
436860
434640
434213
434440
432100
436317
435086
435018
434824
436020
435665
431717
434381
436194
434363
437358
432455
430460
435225
436000
433735
437625
435869
433355
430858
433287
435310
436410
437046
436075
435527
431223
415394
432878
430877
437285
437416
432202
434997
434981
436641
437029
434266
434200
431061
435479
452253
430714
432933
436927
435210
435194
432147
436022
436255
436306
436840
432302
431750
440697
434788
816546
430230
433196
430199
435436
434264
440414
434335
435989
433553
436679
436093
430646
434390
434510
436071
431028
437888
433165
434569
437190
435183
434022
428789
435282
436077
435942
435164
433082
435256
432197
434195
434251
436936
433989
443619
436879
434618
431637
435329
433594
432771
444175
433902
432476
434414
433346
435901
433889
437020
436320
431695
434226
435774
434148
437635
434410
435117
434582
432430
436369
436093
434775
435682
435305
435837
432978
436796
435649
434938
433579
434958
435699
431979
436005
437741
437328
435702
431103
432756
436631
435042
435614
436749
433385
435020
431620
436618
435397
436714
436688
434732
434864
433358
436922
437641
435579
435749
436900
434047
431510
436018
435353
433169
436135
434814
431219
434184
435564
436442
435467
435647
435706
432454
436759
435269
435138
437151
435107
436689
432312
435700
438870
435673
438489
437835
436804
433151
310612
434666
438209
438034
437819
432529
436185
435815
439267
435236
436176
435333
433912
437538
435555
436158
434830
431992
434259
435653
435881
434024
436680
444986
437647
577284
431956
429796
434126
434100
432111
432965
435111
434175
434692
431305
433503
435247
435695
435568
436089
434454
432421
434032
434650
437769
433180
436405
434636
433187
438406
432970
436760
436429
431671
432425
436296
436030
437169
436877
438053
435746
431410
436481
434355
437598
436644
435670
434733
432624
436581
435372
432581
437182
436056
436680
432383
435741
433866
433935
434563
429989
432586
437214
436141
434073
435927
436772
434411
432116
435192
435574
433674
435742
435505
436168
433952
434099
436196
434876
437960
434929
435383
433485
434349
435085
434208
435076
432480
433346
436172
435746
434174
435253
434905
433353
432523
434928
436337
437502
434381
436023
435004
428505
432852
437565
436949
437052
436590
436214
432433
436110
437133
432651
437826
435338
430000
439036
436916
432123
436822
434196
435133
431841
439245
434771
436189
435952
437082
434786
433399
235025
435745
433712
430624
433856
436283
437784
435774
437063
435484
436013
433808
437639
434418
436284
438153
435067
436229
433799
436507
436099
438089
436696
434131
433986
439415
435982
434208
431569
440873
432133
433673
434098
628883
434916
435306
431740
433075
430637
432172
436101
435256
436295
434792
435234
434868
433142
436523
434146
437010
434630
435707
433724
435136
437406
436761
436891
437024
435307
433350
437266
430600
436380
432542
433981
434335
432311
435618
433629
434921
437504
435644
428162
433567
432600
435595
436523
434874
435575
434318
436208
435624
434675
436041
436164
435097
432674
432470
434675
437641
434591
438469
434098
434127
433206
436180
436882
435998
434921
431445
437123
433068
437747
435902
436007
434648
431890
435482
435077
437776
435135
436561
434383
438209
432381
434993
437584
436355
437380
435282
434344
432036
434513
434316
433995
438117
435742
435962
432967
437960
434548
436505
436122
433266
432601
437365
437343
436043
436962
434271
437620
429380
436336
438313
435914
438703
435914
436938
432671
436180
436312
434000
436049
435441
433577
433275
434269
436538
433568
436447
435866
435441
435783
434473
437035
436520
436458
433661
430924
437905
435928
437000
436882
434518
435709
433079
436019
435504
438146
435794
438732
434130
439694
433973
433415
436458
802587
439646
438560
432567
432578
437200
437457
438083
817177
432739
433905
438725
436641
433184
439920
439102
436174
434558
918879
435840
434707
434406
438068
436431
432753
436362
436815
434847
437825
438190
436540
432893
438316
433559
435897
435120
436894
430164
436855
435787
435820
437343
436898
434317
434046
436528
435213
435716
433362
435537
437412
433297
436840
435969
436128
437006
436079
443173
432121
434759
437748
432915
437463
437250
434385
432445
434717
434583
436951
435983
434066
433598
438079
435201
436355
439749
435232
435866
430550
434468
436199
437552
437724
435410
436235
430008
436016
433924
439246
436604
435327
434743
432528
438425
435862
434790
435974
432844
437386
436381
438016
435653
436724
438652
434462
432497
436828
438235
437331
434928
434944
436753
432863
437084
435986
437784
439070
435682
435177
430605
434488
435144
434685
436646
436882
434268
432903
436340
436118
437058
435208
435775
432723
432203
435280
436492
434774
435726
436669
430941
433158
436945
159275
431801
429591
437156
436115
435548
436078
435130
436728
432232
436819
435704
432589
436841
436446
434383
434723
434010
435834
436621
433484
433267
431530
428771
432380
433594
436117
435699
432670
434097
433453
432323
437578
439619
433818
437574
432933
434271
435964
436532
434466
429560
435127
433876
434730
435297
439076
429866
432974
429349
435677
435824
435338
435223
436070
435176
431548
436466
435102
436562
434883
437520
436541
431055
432016
435211
433233
435870
433364
431948
435753
435225
434265
437593
434308
435665
432743
436070
434095
435230
433798
434743
435365
431569
433934
438780
435488
435872
434523
433044
433124
436292
433462
434566
436641
437554
430253
435119
436333
434538
439312
434971
438418
433179
437459
435534
434912
442571
433979
436285
432173
436787
438241
435712
436323
434992
435295
433197
433826
438870
429790
437252
435966
433658
432744
436546
436521
435858
433969
434444
432777
434080
433020
436615
435741
434187
435574
434095
434035
436445
436480
436636
431647
433136
430413
433907
434353
177513
437802
434288
434086
438837
435742
436981
435194
432138
434189
431992
433605
437739
434856
435133
431624
436615
436713
436374
435748
433627
437400
432451
429232
434723
434057
437068
432402
432889
432134
435422
434425
435989
437697
433153
432877
432916
435231
436650
437399
436040
434692
428819
434495
435911
434604
434475
436056
436592
431547
434913
436029
434207
436335
437092
437354
430908
436325
435293
434519
438964
436146
435972
432110
437734
435772
434507
432524
433713
431356
436112
437704
435955
436570
436817
433605
432582
435148
435514
433493
439639
436634
434423
431625
435210
434880
412918
432941
434924
436486
433341
433179
434698
439687
437462
435078
432760
434893
436128
435610
435034
435744
433764
433187
434728
438717
438245
434723
434896
437210
429242
433191
434443
435150
437148
432926
436085
433297
435622
433708
434475
435040
435374
433456
435379
435669
437082
438733
432642
436613
433210
434584
436270
434733
434875
434651
435660
434209
433067
433605
432312
439739
435041
436348
432828
434652
432836
204151
437914
431709
433651
435187
435234
436295
433907
435081
433294
434962
435864
435425
434028
437295
432033
434067
437110
436229
435520
436153
433620
432933
429568
433340
434867
435428
435048
441661
437859
432500
434190
436097
435429
434012
434337
435745
431327
435800
434509
436734
435396
432045
432026
436410
435114
435959
439340
433724
438570
431019
437687
435055
434892
436232
434933
434430
432421
434588
434228
435991
435128
432002
437507
435761
436585
435415
437784
437369
432019
437177
432473
435951
436323
438527
433311
435145
431333
436640
434677
437276
436238
434830
434371
431317
435433
435717
437255
436117
434971
434281
431086
436458
434140
437721
440413
433169
435163
434275
434366
435749
436148
436410
435281
429925
435281
434454
436323
437412
436297
435512
431543
436946
435715
435648
435479
434659
431689
430787
435253
436991
434150
435879
435794
435374
435066
433173
436405
436675
435876
436919
433759
437669
436963
434877
438661
437361
431566
430240
437159
436567
436131
436039
436822
435220
431066
436124
436291
436579
251687
437818
436148
438245
435665
436712
435826
436538
433735
437766
436137
436418
437348
434580
438415
433044
437293
436125
435994
435512
436365
436251
432148
436094
432974
429541
430297
435321
436901
435331
436965
818537
435691
434712
433609
440934
438656
430193
428470
437160
431779
634302
439752
431359
434189
434871
435854
438271
437655
433198
430817
434974
434210
435589
436892
434649
429741
435718
434438
436374
437342
435223
436138
432084
434876
436704
436252
435962
450311
437998
430948
437267
437056
435211
438068
434751
435708
432545
434818
436132
413746
434951
432632
434810
431480
435064
436437
437408
435657
433209
432587
437535
434395
435856
436789
433497
434260
433719
436278
432786
434830
437344
433502
436131
433065
437561
432580
434522
435276
436599
435679
435684
433112
436556
434379
437450
437132
431313
436673
434379
436459
436139
433674
435403
433640
436574
434753
435528
435374
435695
437198
431856
435450
434670
433384
435320
430605
435713
434017
434170
431511
433205
435124
435354
430290
435092
436438
436401
439088
436692
437194
431578
434762
435444
435364
436547
435523
435887
430429
435809
436852
434477
436994
412876
431021
436048
435641
435001
437773
433879
436712
432285
435021
436635
435249
435817
436147
434200
432985
436281
434088
436225
437338
436274
434418
432987
436805
434739
433365
437436
436276
435989
440191
433673
789412
432662
435975
432058
433446
433278
435817
435914
434562
435879
429569
436825
435873
435085
436085
434046
438006
427370
434502
434159
432466
434898
432343
433179
433758
437319
438810
433744
435272
433454
435741
434936
431861
439579
434531
435595
432160
435949
431972
433369
434445
435333
435940
435753
436040
432232
436452
435498
435812
437942
436637
438223
429449
435535
434659
435555
438045
431769
437266
434309
435580
436107
437420
435001
435745
431807
439760
434157
435348
435513
435468
437389
432559
429931
434353
435355
434653
434346
435085
435061
429642
434787
436204
434144
436402
432200
437020
426699
434660
433880
435112
435589
432794
434808
432779
434555
436392
434190
434872
433415
434027
430758
433492
432032
433708
432833
435072
432592
433362
434212
435122
439291
435978
429661
431295
433489
433412
436969
433847
431399
430826
436424
438207
434114
436956
431265
434249
430012
433812
437054
433825
433953
437315
436578
430894
437007
428887
432864
435722
432986
432844
432233
433913
435926
436680
434512
430202
428912
435415
433307
434845
438708
438877
435932
436779
433782
436576
734305
434819
432136
432180
433863
437224
436709
434113
435090
431251
436083
436459
435953
436333
437593
436105
435030
436424
437628
434085
438630
437933
434429
430051
434973
435671
433787
436138
431774
437061
432188
435537
435835
435797
435936
432649
431237
435902
436186
436663
437524
435502
435800
431021
431652
433007
436930
434953
436322
435287
431061
433791
438051
436577
433159
436881
432283
433083
436164
435282
432749
435810
433392
436410
436462
437082
437408
434026
431824
431884
435965
437281
432990
450684
433546
434987
433914
434970
436283
434341
435632
437744
435946
432476
435112
434751
434148
434118
434454
432875
433202
435735
435981
434880
435188
433312
430667
435494
436502
434588
439051
436035
434883
432684
433490
434723
433747
434748
433712
438464
433361
433557
436036
435678
444016
429858
433422
432887
435597
433693
436821
434923
435137
433043
434433
437200
435251
436686
434838
435830
431370
436646
435361
435687
436733
439062
434517
432533
433588
430554
433333
435743
433603
432110
434189
434612
433815
435797
434666
436517
432485
432493
434106
434610
436194
436184
436940
-------------------------------------

