EAL: Detected CPU lcores: 20
EAL: Detected NUMA nodes: 1
EAL: Detected shared linkage of DPDK
EAL: Multi-process socket /var/run/dpdk/rte/mp_socket
EAL: Selected IOVA mode 'VA'
EAL: Probe PCI driver: mlx5_pci (15b3:1015) device: 0000:03:00.1 (socket 0)
TELEMETRY: No legacy callbacks, legacy socket not created
Count core: 1
Number of queues: 1
Connecting to port 0 with 1 queues
ip: 192.168.1.1
server port is 8080
Expect the server to change the location of timestamp by 20 bytes
sending ARP requests
mac address for server 192.168.1.1 received: 9c:dc:71:5e:f:41
ARP requests finished
-------------------------------------
432053
433365
433964
436217
431327
435692
433640
436301
333844
434590
429861
434333
438142
432779
434323
435102
430815
433171
435738
436468
433148
435206
434594
436237
432880
433767
434550
434835
436682
434667
431300
436528
432937
424907
434411
628743
433138
437754
434917
434232
432707
433682
433132
433499
435155
434630
434589
433949
436410
434914
435375
438349
432158
434671
429651
437259
433264
434656
435961
435957
432643
431577
433348
434152
434668
433890
436615
434086
434292
436375
434610
435417
435112
434279
432364
434717
434194
434081
436240
435848
435176
430777
432861
434732
434847
434871
435035
435046
428261
434455
435633
435242
435233
437445
431256
433692
434351
433128
434748
434065
432418
429851
435073
433984
432439
437057
432335
433312
430816
433988
433759
433634
432888
435762
433363
433371
433464
433449
437418
433253
435254
431814
433346
433324
435181
434837
435960
412068
430011
435133
435274
433459
437947
435948
437672
433181
433871
434703
434894
435630
436558
428564
436919
432462
434531
431776
436944
434789
430898
432671
435127
433952
437465
434792
437328
431737
434654
435879
434326
332372
433620
434085
434731
432148
434382
433848
437571
432501
432802
435769
436360
433799
434013
436215
431781
435647
434639
434981
430850
436757
434969
430730
434655
430398
432721
430648
631268
435930
438908
434027
437264
431361
435207
432560
431574
434770
433881
430811
430804
434671
431928
433808
434157
432381
435371
432391
435182
434446
433907
433927
435741
430993
437750
433460
431866
432972
431877
434674
429041
433671
433131
431978
438282
436471
431955
428135
432144
434612
429984
433935
433088
429447
432882
433243
432347
432111
434151
435444
428510
434087
434725
433112
435030
432097
433437
428388
432603
434928
436641
433266
431401
429295
434779
433897
434280
434504
433724
436125
428209
430635
431403
432655
434693
434148
430579
431882
432723
434138
439694
434602
433282
428205
434738
434713
434063
435746
433151
436001
430652
432181
435611
431940
432926
430973
431445
432898
433015
434648
435446
433570
434625
431236
431261
432984
431966
433430
432015
411179
427203
431498
434065
434680
433507
434617
433179
431045
433344
431309
433194
431803
433325
430982
435368
432938
433043
431826
434097
431136
433063
434623
435072
432993
434902
432200
432641
431940
434579
433825
435161
433446
433471
431285
435791
440915
435340
628001
432861
433981
436237
434332
432466
432318
432408
435758
434822
434935
433323
431583
433761
436590
432018
434165
435368
431794
436215
433933
432543
433839
435434
434296
432861
432178
434117
430998
436718
434850
435834
427493
434269
433510
437032
432328
436994
435968
431466
439141
436141
433027
434040
434465
434115
433772
436219
435756
434471
434809
434927
431704
432421
433317
435199
436514
436042
434007
432774
433497
434314
437969
432320
435930
432838
432107
436066
436803
435379
437928
432456
433490
430148
432978
432465
435248
433815
433159
430817
437834
435260
434723
437867
434005
435577
430110
435179
434877
432957
437559
432047
433668
434201
435829
433363
433410
431702
432986
434914
431755
432686
433128
435829
433436
435600
428907
434630
433681
432707
430955
435211
431941
432353
432281
435123
433629
432882
434797
434842
432829
435296
433490
434510
276670
429718
437092
436356
432753
433638
433361
433826
431165
435069
435805
434735
434995
433724
433279
433907
435482
434277
434975
434049
434633
430517
436739
442203
429301
433323
434788
629672
434013
435010
436324
434736
434435
434202
433943
432668
433755
432822
433430
435734
434745
434247
434519
435564
433262
433597
434748
436041
435116
432753
436624
433474
428742
434291
435800
434290
433925
435694
430961
434853
436006
435702
435189
436354
435919
433209
433439
435289
435848
438261
433743
435176
434008
435051
436558
435791
434677
435590
432949
431800
435086
433343
435571
435159
433818
435052
431842
435401
433996
434328
436140
435066
430699
436719
434314
432780
438341
433162
433288
430223
435738
437277
433886
435151
432902
435607
433088
434347
433437
434588
434298
436360
434445
433426
434346
434507
435592
437163
433928
431588
435677
435021
436841
439861
433291
434319
430594
433487
437102
433759
435536
434708
433152
430797
433596
436117
437035
433861
433022
434013
434546
435830
435222
436228
433302
432731
430435
434802
434189
433992
431225
278945
432651
435477
435030
435887
434018
432528
432967
429672
435275
435250
434591
436434
432547
430641
436536
434600
435245
433592
433634
436388
430354
436236
431620
434258
440995
434350
630621
432661
432042
434877
428846
436258
434777
434489
437332
433253
434008
428394
435394
435564
434814
434252
435989
436523
430958
435603
436755
435473
434934
432796
435781
431843
433063
433308
437389
432537
434943
430733
436292
435196
434493
434352
436159
438476
429375
436192
435054
432747
436507
447636
441779
433794
433241
435213
434893
432954
432536
433653
431720
434207
435672
436931
435031
439553
430180
435128
433121
435277
436602
434297
438045
435882
435849
434465
432078
433135
434127
439097
432302
430629
432177
435596
434486
435702
435441
433682
432121
433152
435570
434097
433446
435814
433666
433658
431815
435459
434784
436811
434218
433564
428948
436612
436357
432744
435117
435912
439131
429264
434594
436209
435960
436639
434969
433566
430887
435579
434310
433132
434435
433606
434194
432311
433614
434411
433908
435256
434959
430417
434880
435082
432417
435204
436076
432458
430233
432858
433323
433225
435434
436156
432239
431629
435244
434785
434597
434291
435375
435697
433661
433868
435079
435239
436574
435394
432923
431461
436051
435956
435802
437664
432774
434187
434776
629923
432004
434266
435522
631193
430335
433605
433887
433526
436629
433365
437611
433733
432300
437567
436379
434873
437231
434077
435432
432124
438935
437066
435361
435474
436097
432580
433158
432543
434915
432523
433994
434112
434387
429433
432856
432626
436327
433886
434655
429555
434374
435714
434259
434185
437284
434228
432449
435162
437121
434167
435961
436702
434133
430152
436136
435019
434803
435963
432576
434237
433465
434553
435577
438153
434478
433411
432119
436523
433283
436271
435455
437169
433241
435022
435982
434895
437200
435492
433922
435471
432937
434075
434967
435430
438230
434843
435773
429508
432848
434594
435635
434589
435825
432106
435320
434788
435791
436586
435456
433465
432630
434673
436086
434391
432868
435531
436348
432624
433943
435503
435892
435930
434656
431844
433539
435322
434097
438717
435410
433079
436938
432446
431399
433904
435736
435359
431365
380075
430882
434165
436294
437667
433805
429955
435189
435249
434602
413809
432811
432445
430082
435226
433301
435625
437281
432923
433584
432230
436019
434241
437005
435031
438037
436348
631908
430342
432377
430573
434812
436857
434630
436615
437989
432085
436784
436982
433979
434625
435251
437202
435482
433892
436758
434317
436381
437756
436561
431071
437323
434219
435038
434533
437205
437304
429674
435731
436368
434512
435196
436957
431973
431879
436812
434978
435400
437320
434492
456232
434896
434997
436283
435195
434215
435270
434292
431980
435399
435038
436504
432403
435616
434430
433610
431307
433450
436482
435595
429154
433872
434088
435695
433287
437544
431656
435975
430939
436950
433707
433230
431959
434385
430694
434983
433897
434870
435082
436663
437139
429715
435655
432959
435523
436703
434128
432640
432127
435700
435008
434149
434256
433715
435866
432158
434854
433471
435384
433858
435342
430946
433584
434702
433852
435958
434589
410722
429497
436219
436209
434974
435518
434505
433619
431768
437153
434851
435313
435620
436107
277524
435954
437742
435128
434139
435731
430124
434574
432101
434092
436498
435403
436276
432977
433167
431679
432635
434517
433658
432443
432520
434849
436347
427924
431091
436123
434714
921181
426982
432882
436089
433258
432305
435150
433466
435861
434451
435350
430028
436237
436312
434066
433114
436378
435926
428441
434624
434774
435927
434989
434592
433795
431841
436342
434208
436845
432964
432617
435206
431061
434700
436022
435616
435767
435558
432562
432134
432858
434682
436626
433594
431676
432718
434995
435022
432783
434938
432405
435452
432171
433303
434065
433266
436840
432863
429994
436656
434537
433472
431904
436076
434078
425998
434677
433933
434891
433549
433905
433042
430307
434496
435155
436818
435837
432508
432994
433117
434092
435313
439120
431394
434602
431411
436999
437409
431679
435817
433889
434201
431317
434348
433488
434348
438635
433864
434811
430982
433988
435220
435630
436838
433713
431009
434774
434544
435171
452524
435441
433734
430966
435375
434768
433671
433821
434672
432237
433215
435776
435394
436041
438849
278116
433056
436639
434608
435195
435625
437933
429690
436781
435889
435554
438429
433114
433442
431038
436299
435726
435255
433921
431969
435912
431848
627277
435073
627704
434115
429522
434549
435291
435332
433747
435056
432325
431389
435868
435679
436756
434995
434851
434948
431737
434210
436497
434566
436766
434479
435074
432451
433630
435993
438238
433821
435109
431928
433998
436868
434731
434713
435717
432273
432862
436499
434997
436495
438250
434927
432955
430289
433605
434890
434811
434443
435173
431324
432915
435695
435248
426834
432464
433548
430841
430574
435759
435924
434371
435946
435501
434405
431759
437380
433974
432696
434472
437920
432851
430335
434950
435852
434512
436010
446346
433097
433789
433257
434632
435456
432540
434112
429701
437473
435632
434654
436227
431313
435051
433956
434398
434689
435413
437123
433364
435817
433476
432536
432924
434366
434385
432978
433547
431950
432829
433790
437011
432546
435623
428505
434215
436037
437325
435890
435044
435096
430734
436594
435374
434638
435671
435399
431476
431548
433762
435696
433004
433917
433916
430789
436106
437117
434419
415011
431615
435695
429641
434991
436010
435547
435333
433707
435434
431616
436154
434920
435295
430354
434696
434236
435960
919479
432194
431418
434906
432303
435912
434748
434325
435408
437085
434286
431720
433368
434999
435430
438115
435222
431923
436753
437827
434129
436817
436363
438256
428697
434572
434474
435608
438842
435574
437796
431327
431354
434970
434670
435865
435347
439056
432210
435192
433653
432981
434851
435151
429570
437393
434394
435061
435266
433193
436030
429683
436282
435470
434115
433731
432858
434529
431310
436635
433629
435892
435706
433094
434314
432271
434493
434907
435087
432495
435759
431116
435262
434717
434477
435391
434832
413702
431611
434452
433393
435693
432426
434303
455915
435230
437122
433816
434856
438188
432818
433055
432068
434448
434869
436802
432085
433286
430984
436823
436077
433296
434715
436130
433707
432000
433913
435933
434422
434974
435314
432739
430776
436223
433943
434511
435556
433815
430689
436692
436450
433341
432985
434669
298876
437929
435584
433582
436650
434085
433638
432161
436819
435135
431975
434251
435288
433603
430983
434078
435743
433405
436918
432487
434312
432281
635354
436651
629374
433391
431035
432990
432610
436913
434887
432830
432895
434442
433728
434627
435521
436138
431325
431605
434107
433402
434124
435317
434518
433657
429582
434352
432615
435844
433790
436794
430405
434564
434892
434709
430802
435810
411515
430172
434115
433188
433022
435471
433879
433947
432204
434513
432917
435127
434493
433497
434432
435122
435086
434928
432702
436789
414664
428309
432864
435092
436169
437553
432879
451694
433976
434246
434215
433095
436133
434974
431747
432359
433430
434745
438129
432764
433629
430553
438692
435917
435528
438417
434753
434041
432754
433082
435613
435482
436783
433689
433587
433771
435911
434751
435868
435081
435041
433393
433900
437409
432794
439525
434425
435656
432200
435436
434696
433102
429838
435416
431517
432679
434329
432800
434169
435556
436678
436066
430907
434849
431958
435351
433232
432472
432138
434120
405703
434682
441494
435646
433575
429449
434718
435230
434635
435187
439233
435050
433160
433859
436600
433555
434666
436377
431659
436746
436204
437180
416187
439718
433294
434145
435663
881008
440165
434876
431979
435166
435541
434346
434029
436255
435680
429328
433192
434713
436006
433812
434093
435420
430219
435533
434784
436257
433430
433737
433711
432582
436624
434362
435591
434487
436518
429470
437762
435178
433371
435095
434823
430585
433085
435319
436899
433939
434791
434683
435989
432274
434999
434337
435010
436100
436165
429310
432707
436164
434825
435851
433009
436546
428138
435256
434512
432937
437322
434303
434068
432461
433685
434140
435623
436059
436422
433340
431364
433892
434790
434873
435558
432419
429016
436678
435066
435867
432840
435015
434299
445443
423999
429999
433083
436113
435092
437919
432779
432080
432401
434502
435797
436537
435134
433662
436657
437265
436407
435110
432353
430825
433677
434778
434895
434681
435534
430524
434631
436244
434420
434687
435556
436417
433256
429792
433724
433100
435284
433312
434492
278963
436265
435484
435984
433669
433986
429549
435987
435479
435379
434348
433773
435670
432633
437823
434138
436151
435276
435369
434895
433887
435610
628070
433871
434666
434496
435909
434842
434007
435876
432130
435586
434245
433455
433588
431327
429538
435945
433308
435844
436543
432373
434133
433276
434630
436558
436620
433414
436325
428390
436317
433962
435074
434807
434592
434879
430202
437208
433273
435149
435913
433038
435626
431667
432906
435988
434457
437391
436695
432726
431398
429953
433371
435030
434353
434804
432270
433046
433512
435894
434952
433296
433551
433286
435625
435043
436824
437301
433214
436841
431944
432904
437473
433417
434552
435799
434037
430272
434184
433821
435582
432750
435853
429466
436046
434295
434368
434774
434813
434197
430809
436425
435737
434429
437241
433923
436008
433436
435904
435725
431943
437126
431511
427127
434067
434066
434856
430985
436419
434357
433151
436555
435568
433503
436968
434558
432964
431403
434456
433205
433477
434343
435578
428555
435793
435612
434072
431598
432283
440935
433217
429953
440465
432325
435573
434650
435132
436283
430863
435987
431767
433971
434963
434877
434969
430895
436302
433434
434749
436315
434267
438767
435911
434100
433324
627934
435831
439753
432189
436080
434681
432430
434399
437584
433966
436458
435238
431908
433003
432821
435035
435453
434558
435503
435215
431800
433030
434871
433642
437453
432500
436717
427645
435779
434695
434369
436153
432352
435672
433576
435943
433167
429817
441374
435279
433326
433754
434544
432827
435766
437505
435820
429604
431374
434026
434399
433670
435979
435121
431456
435415
434446
434269
435964
434268
433820
429427
438614
435826
431829
433084
433298
432639
433319
434497
434143
436919
434184
434299
430241
437049
435374
434486
435071
434393
433706
433052
435958
435103
435329
437575
435656
432434
434106
436231
436254
436031
434734
434558
433687
433109
434471
435088
436598
435970
434529
429728
436536
435917
433361
436079
434278
434767
435151
435149
431884
434982
435296
435865
434446
430052
436349
436334
433508
433958
434730
433820
433847
433445
407024
439021
433046
431230
433386
433792
434572
434849
437691
433921
435736
431114
436682
434804
436422
436107
436548
435333
432692
435037
434650
436983
436248
435109
434338
435745
432344
435058
431657
627854
438305
434913
435003
437087
434041
436264
432434
436518
437561
433688
435116
435340
457002
437824
437497
435533
437715
435478
433584
436629
432288
435151
435760
438010
433825
434297
430705
435149
437560
436384
436241
432909
435643
435000
436674
437888
434140
436956
434224
435361
433579
435980
434696
435175
436429
435253
434018
431723
436965
434877
436818
434773
434753
432156
437763
435697
436317
433832
439009
436845
430574
435724
433464
436121
436599
435810
434865
431410
434982
434789
434851
433712
435625
433668
432615
436535
433892
435288
437003
435788
429863
435805
433641
434202
434464
433082
430692
433536
437383
435958
436957
436358
434863
436842
432404
435754
435163
436841
439136
435128
433358
432673
435997
436895
435145
435170
434743
433347
436749
435862
434670
414962
434159
436025
432890
437450
436097
436296
438358
437088
436509
432666
437409
281008
436769
438342
435389
434242
436621
436908
435775
453911
433739
434398
432316
429574
432081
437585
433153
436148
442612
430251
433558
435382
435874
435482
609367
436121
440456
434982
627076
437178
432882
436903
435123
433892
435785
435286
433514
433425
435506
435098
434834
434065
433781
431314
434481
434938
432419
435762
434022
412570
428553
434754
436175
434872
437806
435320
434733
434800
434507
434007
434463
436535
434041
432159
432664
435882
434658
432656
435865
450635
430615
437377
436645
432926
436639
434359
433588
431435
435666
433948
435033
435696
432872
433848
433125
433972
433784
434464
435274
434082
429411
435077
427077
433247
434128
436091
435080
432112
437780
435974
433405
435999
435904
436038
430498
435692
433910
436741
435594
435347
435213
433461
433843
433488
434470
435761
433073
430999
438222
435944
434843
434574
436175
435514
431639
424660
433020
434502
435506
432413
434514
431949
434528
434793
435587
433126
436091
451545
430824
434175
434006
435733
435072
434629
432153
434086
432971
432902
432788
435326
432730
432121
254563
435324
436616
435524
434458
432536
434862
433625
436005
433613
434805
430811
434532
436807
435032
434333
434600
434397
432189
433584
434268
435702
435082
451236
433787
433586
435692
433675
434121
436583
435666
434569
433438
434897
434694
435312
433884
433928
434708
434691
434574
435545
435550
434746
410350
428654
433033
432859
435730
437070
433857
431979
430221
434651
435899
435634
433839
433340
432311
437490
436279
434048
437027
435512
410898
428157
435590
435715
436429
433322
433245
434865
432135
435996
434290
435715
434809
432805
432743
434940
435302
435784
434026
436251
411812
427800
434692
437121
433204
434420
437027
434443
431811
434261
435963
433887
435246
435716
430813
432908
436030
434286
435212
436647
433280
432698
437338
434729
434368
435553
434147
436567
431084
436214
434482
434346
437678
433940
433083
432116
434924
434711
436711
433981
437666
433452
435204
434631
432700
435634
438716
437570
430332
434974
431842
432400
436841
436707
436338
429082
436219
436378
435073
436585
438587
434626
432150
178189
436624
436926
437461
432099
434210
434557
434208
434498
435129
433137
432179
434162
434735
434161
435215
434818
430238
439189
436133
435564
437537
435471
567704
434293
434955
432276
433752
436025
431162
436075
438634
435651
931598
419472
421050
428315
437384
431083
434304
436276
870112
426943
432184
434000
435320
434769
433889
431717
434935
434053
433617
437435
434037
434420
429969
434954
436041
433932
433428
435451
427741
434090
435500
434330
434316
436370
435487
429303
431921
432605
432876
434906
433360
433847
432794
435163
434117
434453
436595
434482
433161
432590
436165
434958
430893
435069
432785
432160
436384
435163
433404
433477
434075
434139
432905
436502
434635
435800
437203
432589
432109
432237
434712
435051
438645
434051
432060
428184
436194
434917
434041
436422
434887
435907
429926
435632
435638
433424
435565
434253
433646
433066
436062
433574
434225
433997
434349
435682
432572
435007
434523
431745
436363
436109
430511
435347
433786
435221
436683
434051
433837
431618
434553
434919
434953
434425
431605
434246
431687
435471
436094
434194
434469
435970
431245
433460
433972
434187
436178
434697
430565
434881
434183
436027
154577
434485
429280
436292
434821
433794
435414
436637
433292
430970
432918
435898
434148
434571
434943
428887
435127
436052
434251
437369
436287
432593
435326
594954
438001
436443
433907
436152
431701
433220
431849
437313
435390
434337
434852
436835
435046
435953
434700
434230
435353
435261
436864
434629
433558
434699
433557
433071
437423
436445
430953
432000
434261
435167
433026
433507
433664
429548
437060
433538
435447
434438
432735
432189
431777
435642
434384
434771
434595
433791
428804
436150
435092
433412
433584
434477
435502
430365
436377
433766
434502
435850
432730
434979
431445
435543
434066
434928
432984
433048
435325
433579
434008
432768
433273
435319
435201
430143
434999
433625
433844
432863
434138
433394
430257
436805
435921
434854
436182
433806
433798
430597
434729
435391
435639
433216
433549
429786
435734
437850
433203
435717
433456
435541
429828
435953
436267
433848
437279
432821
436009
432594
436422
437967
432466
433671
435631
434197
431507
435779
435222
435100
435478
436809
428997
433737
433069
189831
445537
436658
434912
434189
438197
436897
434339
434285
437438
430150
433347
435574
434410
435943
433654
434298
430446
434158
433978
433680
436274
433076
436347
430793
426594
431725
434055
432377
831735
436565
436272
433698
435677
435345
431494
437581
435935
434044
434985
435892
433940
433242
436805
436753
436984
436721
434673
435268
432424
433535
436380
432623
434075
432289
432460
433309
432512
435272
434015
436386
437143
434786
431833
433463
434250
433351
434058
438086
430453
435616
433995
434352
436452
434488
436409
430800
433113
432846
439631
428592
434748
433178
431033
432753
434366
438113
434203
429971
432185
433600
435082
435302
433328
435088
433110
430448
432960
433656
410120
432158
433969
432242
432379
436620
435452
433514
434389
433395
431456
434681
435641
434840
437730
436146
434630
430676
435968
435523
434061
433841
432636
432527
433415
434327
433450
435735
434589
434256
429106
436382
435381
433413
433367
434076
433676
430579
434159
434053
433991
434881
435169
432644
429038
437123
435316
434837
433127
431930
428641
435616
435235
434912
174174
430866
436136
435714
433873
438177
434560
431016
433157
437835
75759
8748
7796
9623
9157
7391
7305
8370
8369
8157
8953
8654
8299
7814
8442
8326
8412
8794
9720
10117
7786
9152
9115
8766
8600
8240
9687
8481
8299
8463
7905
8580
8015
8558
7950
8176
8027
7717
8381
8386
7550
7572
8939
8191
8115
7673
16812
7797
8184
8705
8791
8196
9132
7976
8636
7624
7722
7651
8546
8372
8201
9245
8471
10626
8051
8030
8537
7569
8800
9200
8062
8518
7383
8235
8489
7453
7871
8855
8326
8933
8355
8155
8290
7813
7805
9423
8551
9180
7816
7527
8642
8015
7812
8972
8494
7833
8865
7735
9194
8251
8338
9686
7979
9141
7544
9208
8400
8362
8672
8357
8977
7509
8984
7968
8536
7647
7393
9101
7630
9781
8174
8218
8718
9032
7487
8645
7733
11478
8415
8977
9172
7641
8008
8994
7980
8554
9047
8523
7736
8036
8736
8149
8062
8076
8051
8510
8025
7415
8682
8788
8354
8591
7523
7680
7418
8666
7764
8569
8835
8454
8604
9190
8471
8123
7859
8615
8629
10574
7749
7509
8262
9232
9041
8537
7993
8362
7552
8190
8625
7994
7758
8590
7767
9094
7533
7553
7778
8893
7932
8052
8171
11083
7769
7997
8352
10025
8583
7695
8656
8781
8568
8415
8264
8412
7572
8020
9183
8569
8379
7984
7507
20158
8616
8167
9009
9154
8179
7414
8831
7641
8470
7732
7429
8577
8274
8461
8358
7646
9376
8234
7785
8990
20334
7451
9025
7521
8908
9056
7398
8024
8792
8674
8599
8084
7841
7892
7833
8086
7973
7673
7772
8388
8719
8520
7411
10695
8184
8730
9107
8408
16117
7730
7912
9287
8702
9419
7897
8840
7910
7712
7978
8339
9945
9003
8589
8877
8991
8158
8564
7995
7284
8115
8200
7983
8860
7777
8391
8069
15254
8612
8259
8515
7762
8456
8493
18886
7495
8410
8502
8933
8876
9011
8294
8325
7857
7464
8432
8487
7946
9064
8496
9184
8800
7645
7867
7345
12600
8873
107047
10707
14792
8214
9514
7981
8215
8787
8025
8617
8038
8335
8815
8135
8153
7517
8314
8769
8679
7700
9139
8048
7201
18419
8644
9066
8720
9228
9010
7835
16752
8249
7556
7581
7861
8297
8408
24519
7988
8525
8777
10000
7991
8406
21802
8195
8633
8457
8765
8528
9274
23260
8835
9194
8619
7597
8357
8610
8143
9400
8417
8306
9656
8742
8632
22580
8582
7891
8160
8961
8246
7493
20501
9312
7626
9977
10100
7787
7670
21279
8543
7884
8077
7920
7872
8053
8192
8204
9389
8665
8071
8312
8456
7508
8844
8335
8895
8389
8843
7928
8491
7496
9065
8640
7963
10339
8225
8668
9384
7820
8491
9002
9753
7805
23333
8618
7518
9128
8657
8559
7410
8240
8693
9033
8039
8726
8596
8282
7441
11239
7699
8096
7837
9463
8179
22597
9030
9335
8648
8943
8022
8337
9023
8584
7695
8203
8579
9507
8097
8196
8260
8310
9070
20225
7579
7266
8391
7850
9138
9820
8528
8979
8597
7714
8148
7890
8712
19478
8447
9136
8088
7826
8512
7763
8560
8111
8807
8769
8299
8469
8070
7308
7763
7558
7567
8281
8403
7900
8194
7773
7872
7571
9140
11341
8322
8185
8784
7964
8935
8078
7482
8474
8379
8780
7476
8791
8879
8195
-------------------------------------

