EAL: Detected CPU lcores: 20
EAL: Detected NUMA nodes: 1
EAL: Detected shared linkage of DPDK
EAL: Multi-process socket /var/run/dpdk/rte/mp_socket
EAL: Selected IOVA mode 'PA'
EAL: VFIO support initialized
EAL: Probe PCI driver: mlx5_pci (15b3:1015) device: 0000:03:00.1 (socket 0)
TELEMETRY: No legacy callbacks, legacy socket not created
Count core: 1
Number of queues: 1
Connecting to port 0 with 1 queues
ip: 192.168.1.1
server port is 8080
Expect the server to change the location of timestamp by 20 bytes
sending ARP requests
mac address for server 192.168.1.1 received: 9c:dc:71:5b:42:81
ARP requests finished
-------------------------------------
524763
521278
523484
523611
521201
524843
521656
521974
525834
716358
521600
519892
519062
524401
518604
521255
522878
526731
523270
520465
519367
526289
522095
519427
520595
516415
521077
525874
521107
513459
522597
520525
518851
518403
521492
519601
519002
518540
517887
520907
517760
518744
518691
520672
517737
517228
519441
517574
523587
517395
514408
523149
517061
520333
516090
519858
524058
519015
518475
519748
515979
518691
519667
516356
524294
518051
523634
517372
523446
516766
523125
515000
519518
519742
513745
521881
522595
521074
518035
519983
521215
519610
522431
522363
521183
518016
523844
516182
521166
512502
523725
517323
515494
517307
516099
520094
517251
512919
520729
521569
517437
513313
523158
520526
521521
522898
513138
517331
516687
519802
520912
518642
520591
514858
518702
520031
516804
521146
517832
526314
517301
513546
517291
520740
518758
513513
518465
518560
519708
524150
514391
518642
518589
514372
521358
518571
513771
523528
519482
518750
522723
515466
715043
517743
516963
520437
520055
521689
516747
517278
519468
519502
519107
519547
521029
514707
514025
518805
517438
520729
518539
520187
519628
520910
520722
515857
519513
521454
513566
518494
516593
526434
514453
516646
518167
515878
518202
521630
519058
516209
516820
519759
518439
518651
520107
522139
512316
517201
514217
516820
521627
518692
521011
521128
519485
513731
520476
522910
518844
520032
513287
525132
517861
513351
513402
522912
517616
515610
511530
520872
524671
515184
515578
519042
517134
521632
519513
516133
527471
521628
518504
521736
520727
513661
515979
511752
517777
516730
519961
517504
525254
517036
514724
518558
516790
522008
522110
519131
519286
521250
520575
522636
513971
521143
514158
519808
519756
515525
522274
514997
517500
517300
529346
522560
520645
512660
524394
513759
521193
513064
521392
517593
521093
521189
517835
525203
519467
518457
516432
521955
517898
519940
517343
524898
519556
519546
507624
519723
518513
515533
537683
521480
520525
520510
523242
519043
518615
520295
520134
523425
518479
521498
517834
519319
521938
517605
524240
523401
521184
522418
524687
518138
522819
517064
519789
523305
516521
526671
521483
519892
518042
521264
518169
517378
522338
241482
525543
520041
517395
525294
520140
520773
518466
520849
519948
515036
519043
522579
521565
522818
518938
523077
521963
521473
515108
520497
520507
512314
521416
520487
520260
516896
521482
516369
519716
520984
529110
520249
518047
519466
519265
519244
519302
518437
521358
522607
520529
517649
525230
520888
515707
517242
519107
517893
514852
517536
519966
526560
519139
517292
518926
521693
519584
517500
518330
517982
527101
515648
522202
522544
522253
520825
516492
525458
523582
517082
520919
521427
520876
517504
520042
513820
520581
521276
517130
517353
518127
521575
522909
518562
525831
523755
521297
484066
520497
521207
518117
520415
514303
518247
520122
518627
522313
705023
491553
518501
519954
517517
518492
521753
519464
517582
527994
521082
517734
516803
518020
524502
521010
522656
520287
519145
519501
521086
518964
523062
520149
518667
523523
524302
517360
516071
521835
516996
507802
522533
520505
517203
519383
519003
524335
518087
521713
521769
519958
521656
516316
525550
514825
514780
515388
522491
524383
518468
520008
522299
522342
515973
521351
520769
517244
519248
522014
519968
518559
517717
524067
516271
525550
518703
521854
519000
520831
521201
516385
518458
522777
523490
517489
516373
520395
523505
521419
522266
519352
523016
522414
522938
522152
520155
517619
527096
520814
519737
517054
522846
512881
514847
516620
518258
516153
515454
519561
516776
518207
522978
517828
518761
524912
518597
517027
522238
521070
520510
519974
517846
514676
520104
516440
520291
517676
518112
514342
520406
515919
518984
515569
519480
516773
522083
516259
517101
519426
515517
524142
520446
522182
519086
709061
520095
515497
521114
520955
517395
516233
518980
522229
521743
519448
518324
517466
520430
522326
518412
518382
522930
521112
517695
522756
524148
517706
517296
515349
518161
522986
515757
515589
517051
522794
518679
518372
517769
515340
515199
519867
517074
522758
514581
518261
523753
518030
520857
522830
521307
515620
522357
517688
517203
522577
523155
515195
519323
520858
522530
519728
518787
519341
516615
520400
523741
518868
519533
517195
513421
520637
523075
519621
521864
518959
514342
518668
519018
521090
517066
517441
517494
520276
522123
519482
522358
517915
513285
526275
515731
521097
517258
515743
518123
520960
808754
501839
517920
518296
520358
520296
519430
519744
516031
520052
515290
520959
512862
513146
520545
523387
523657
516738
515759
518160
521839
522215
517484
531746
517862
520868
520756
519874
521131
515743
518435
520209
520869
519210
518387
515636
516028
519523
517328
517869
519560
513470
513181
515837
518340
515046
714681
519929
512487
521209
518401
522576
521612
519328
515856
520174
516347
518155
519390
517953
523884
518765
518095
523748
517261
514288
518316
515305
520518
517267
521955
516035
524108
518593
513942
516577
518284
523801
516231
519442
517535
416530
518558
521733
516600
520475
519280
517707
518949
517687
522653
519050
521917
517305
516310
518824
514929
520750
516242
516934
516874
518565
517272
516261
523175
519493
519783
524112
520444
518138
521673
518025
521333
519630
517560
522375
524172
520244
517158
518439
520405
520975
520681
513799
521575
519110
518141
524241
519230
520130
519820
518051
517861
522244
517328
515086
518902
515820
525646
517084
514199
520658
517081
518117
517702
519091
514784
523618
519302
514557
519441
519630
521008
517637
519666
516284
520177
523559
518480
517726
524047
515187
516265
521456
517253
517215
523760
517230
518900
518035
519379
518933
521107
523484
517866
518466
515618
520289
517537
726307
505674
519387
520721
523026
516977
518194
521054
523339
521454
518231
523492
520271
520254
515810
501555
519138
513928
519524
519699
518298
520122
516572
519240
522241
521920
519049
517874
522290
518308
519190
517679
521623
515820
517291
520784
518849
516057
516128
514635
521578
520863
519402
515098
520123
513067
522196
515115
518062
511859
517470
518244
515184
525107
517536
514979
523372
515530
520854
519167
511794
515374
517632
517684
515204
515307
518403
524040
486102
519187
525938
517872
521939
514692
520348
518239
517210
519802
522285
521476
520097
517631
522363
517947
513005
519889
513208
514103
519299
513980
520413
522212
518075
518458
517360
518699
520308
521568
519487
515035
520533
515460
519838
520811
516766
522318
514323
519139
516328
519141
515215
518404
515463
521850
518732
518223
520839
515016
520573
519680
517632
520808
520572
523207
520692
518710
522547
519413
524272
515207
521657
520243
517042
523717
509994
515152
513171
514645
508116
516993
523549
521740
520328
516811
511061
521423
476593
516143
516090
523398
518171
525020
518287
520060
519519
520853
520815
518573
516223
522554
520178
520979
523128
520009
518147
525569
516677
517386
523858
517222
515292
514210
522580
516917
518464
522454
521770
513589
518198
521032
523281
315309
518246
519029
520766
522127
521051
521894
514971
517204
518180
519547
523783
517263
518805
523466
515369
520535
524497
518216
522369
521021
521275
517719
524302
513227
516600
520389
486004
526964
519570
520609
519953
521077
518150
521614
520230
518246
518784
514344
520665
517340
517643
517894
519239
521143
517651
513758
523630
521469
489690
519322
518601
515635
514930
521531
520891
520991
521445
518702
518630
520648
517051
516502
519528
519585
519054
518893
521144
522791
516784
519405
523482
518416
519466
516699
517904
521014
516521
521753
518059
518712
526070
522905
516476
515752
522604
519502
517823
515169
517813
520338
520266
525420
524670
520806
524622
523357
517837
519728
523511
711014
518756
522215
517610
520363
522697
518520
520466
522071
521833
517272
520617
519152
521773
519208
526092
518289
520550
520990
519400
519046
525589
518499
520130
522566
522680
520530
518762
517649
518249
520349
522836
519788
517380
524162
518781
513936
522177
524221
519327
517083
518316
523037
508726
519569
517815
518066
524350
516738
520072
517484
522656
522679
522963
519761
520420
519602
515244
523629
520351
520004
519366
524409
519927
522813
523343
521724
521324
519690
520992
522151
521586
524181
517586
519676
520992
520053
524387
519491
516158
522198
520501
515912
519304
514870
519417
518338
519135
519264
521517
521378
519732
513770
521020
521371
516776
514825
517420
516456
518500
517400
517337
521983
517886
518679
517580
518958
519194
521092
523256
519725
514942
515851
517726
517927
523279
524252
522562
519091
519081
516456
520848
520496
520723
518423
518731
521536
522896
521637
517302
514161
514764
517965
519794
521974
711451
523076
516408
520543
518882
521328
516350
523943
516282
522374
513077
515528
518157
517946
518646
525324
520937
512817
521054
517010
523265
518697
516517
517234
519046
524317
518241
517692
520552
526110
516123
519242
519363
520262
522941
519728
522241
520792
516692
515119
521958
519284
518902
518503
517564
518873
514729
522123
516838
518943
520245
517111
522779
517172
525649
521962
516563
514846
516823
521251
522738
521974
518521
519387
517133
517260
519477
519564
517483
516495
520274
515965
520774
516128
520119
515811
524910
520631
520064
515606
523616
513312
520656
516389
520520
520114
516451
518241
505243
518221
520404
515308
519592
515989
521122
522635
518325
518732
520231
517274
519678
513082
518489
520278
520066
514081
518412
520022
518217
516832
522045
519719
519909
518702
521531
518655
523062
520174
520455
519569
540087
519305
521292
518521
519358
523292
522204
520048
521463
517894
519899
527157
517661
521250
520613
709062
489816
521188
520369
515210
519738
517363
520898
516194
517544
522599
517492
516839
515739
520190
523898
519880
521416
515841
524178
520031
519123
515769
518975
519216
517826
516442
520175
520816
517286
521512
519079
518642
517443
520531
522620
522148
519164
519854
522083
516670
517781
518891
520668
519394
519384
520750
519803
518492
523574
518748
518400
523380
524723
518486
519548
523383
520560
519599
518931
523597
519706
520304
521470
520209
519499
524323
521192
520063
521152
521593
524376
517604
517851
518496
517029
519870
515395
520615
520232
518051
521238
518326
520138
523261
518484
518246
518898
524012
522717
518440
519065
522786
524625
516405
519533
516456
515537
521879
520841
525782
519189
518756
518642
523200
518400
515386
521621
522997
520209
516179
513979
520982
513837
519993
522322
515543
522639
519104
520406
518347
515830
517982
519932
520521
518098
523666
524625
520613
514988
523047
521451
516801
715807
522738
522430
520717
520304
524885
518859
519553
522542
521175
519071
517852
523731
515410
522947
519999
516300
516458
522881
519956
521573
520127
534898
520813
518982
520481
525574
519433
519755
520787
519997
519384
519176
520983
516328
524718
516353
519881
522220
515740
523162
520558
517666
514261
521435
519393
517016
514160
522620
517971
516086
522092
519476
520537
517817
517302
518741
526853
518604
517237
518211
520565
516894
519748
523575
518292
517012
517345
515149
524213
518012
520026
522197
522958
521567
518879
517264
518453
524097
517285
519887
516436
519689
520766
519818
519837
518419
518247
514110
519293
516666
523721
515990
521521
523451
520041
519676
520948
523018
521855
521825
522882
519080
517630
518081
520552
520917
521092
517476
517280
522542
517621
518589
516733
522276
520977
515729
519612
519859
523029
518035
520404
519501
525411
518964
519323
521502
519920
523523
519390
518948
521043
517093
521912
520558
712490
520779
519051
518810
524741
519506
517053
518967
518103
520925
520230
518055
518982
518125
521325
522641
521815
517826
522322
522278
519164
518389
513376
520507
516389
521010
519068
518569
517041
519163
525429
519415
521351
521017
522665
515576
522579
525189
522179
522252
519446
519400
526123
519204
520997
517064
520335
517923
521478
517479
521789
518084
516902
524655
519637
518391
519630
520810
523553
517897
516535
516179
520524
518493
519463
515198
522619
522035
518575
522459
522143
519365
519494
518924
518820
519285
517359
519930
524868
525548
519334
516756
520097
520726
516566
514751
519570
525092
518454
518831
509950
520260
520979
523411
519283
521547
518797
522303
520564
520361
522061
518378
518819
517367
522374
515267
520892
516258
523619
523543
522337
519948
518791
522215
521943
522113
519676
518720
517971
524692
517836
520712
517707
518544
518518
517445
519102
517594
520574
521272
516302
521410
518442
517752
515610
516751
522016
712753
521220
513668
522769
522964
520687
522979
516147
501688
516651
518866
522299
520755
514563
511454
515046
520130
520486
522175
524427
523919
523585
517097
523465
519066
517651
521757
525216
516920
517641
523783
521764
517610
524990
519972
517857
516811
521942
518644
520328
519015
517256
524048
526439
520325
514744
521833
517617
517354
519659
519825
521703
514875
519748
518837
516286
520699
522276
538389
523416
524390
518560
517774
519892
521171
517862
522020
521175
520125
523056
514344
518105
514389
523127
520110
510751
517887
524495
519296
517167
519786
522969
518282
516431
520162
522066
523058
525923
522379
523489
520625
517021
517282
518710
518474
520215
515948
522536
520364
519104
522056
524077
521287
519712
518708
518129
524272
519681
516050
521179
525611
516815
515796
518762
521871
519268
515596
520634
518456
511601
519012
517895
516277
520648
521482
519107
514927
504721
514752
517439
524471
521100
520066
517661
521977
521095
518297
707712
518499
525806
517235
519905
519984
515913
521455
519231
516960
519851
521830
515954
522707
521634
521707
518501
518894
518832
526246
523397
519492
515687
521024
500794
518417
517416
518763
521037
518122
520449
518692
522315
517864
517838
521138
522364
517109
520034
519912
519508
521897
517049
518030
518543
523220
521492
521633
512938
523000
522148
520493
520198
521967
521117
519221
518692
523565
520747
522891
521233
524572
520625
517517
521941
516197
522542
522386
519454
517627
522058
516544
518137
518607
518629
520330
521559
516011
520529
520713
523291
523200
517403
516707
523763
517160
519222
519551
524710
519856
517304
518280
508717
516717
518348
523439
524765
522876
521971
515769
520776
515708
519042
521571
520114
520117
520782
518845
517990
521516
521577
514041
515594
520004
519087
517938
520353
516609
519280
521300
515207
517015
518241
516698
519850
523805
521798
518523
519925
513992
521533
513573
525922
704838
519338
519499
513076
520405
515997
521296
515621
517787
520333
521037
518584
515855
521046
517487
524947
517016
518717
521914
521944
521849
514886
519841
516779
520200
517173
520357
522441
520117
519738
516815
518865
521189
517208
519394
518925
524181
518709
525422
520893
523214
517591
517574
518361
525068
520488
515937
521552
520698
518521
523950
520754
520297
520804
516307
516812
519507
520305
519087
524446
523851
524682
518963
517231
515181
519933
517559
521230
520184
522245
516398
518488
519172
516728
519969
515836
522948
519965
515950
520819
527202
521753
521509
519584
523302
519850
516712
518097
519563
520112
520817
520352
517382
524447
516537
518376
521410
516174
519479
518271
518126
520150
519153
520820
513168
517261
523649
518068
520718
518003
521942
520273
519262
516522
517380
519185
519892
519169
521702
514584
522251
521882
517440
516939
516650
518314
519802
525892
518282
518640
517164
520200
514338
524035
520878
710422
494319
518859
517689
521372
523948
522542
518083
516781
508061
517996
520173
524673
519708
520430
522676
520149
519125
520009
523107
517188
518784
515996
522878
519564
518670
517035
518226
520786
518752
518341
515569
521586
517377
515380
522384
522921
522318
524023
520338
515249
520362
516256
516821
515648
541999
519271
516683
521262
555880
522875
516878
520728
518882
517817
521447
521315
522418
520528
522179
520577
518162
525041
518194
514145
519934
522167
519635
522387
514686
516706
525039
523096
522258
516371
516995
524667
522264
520629
523764
519948
521488
519133
517289
522177
517609
516662
515101
524151
521900
517584
519187
521759
522263
522558
514482
518981
522193
519883
517863
521177
520208
525298
518596
517743
519225
520584
522323
522829
525706
521312
519644
515905
523388
517557
517773
519856
518420
520676
517276
521733
520205
523384
517557
523589
519876
518895
513678
515091
520045
522825
520052
515828
517580
522580
711858
521482
520387
523582
519521
513801
516029
520570
521133
520610
517676
521274
519411
518789
522153
521605
523507
516208
519103
520412
518929
522131
514119
517945
517256
519090
515757
515810
521272
518661
516157
520534
511983
523265
522767
516614
520933
520594
520698
517638
524322
514319
519972
521994
522767
520096
520686
519312
520893
515365
519608
516465
515044
515752
524807
520010
514123
520398
516792
522803
523779
514081
521470
519714
520295
516604
516924
524262
520954
516450
519261
519596
520622
524513
522857
524011
521253
517481
520969
514774
518186
518818
518500
518259
518610
522379
520164
519642
519345
514997
522388
515898
523576
520496
516476
520031
519856
522114
521034
521240
517531
524979
515990
516209
521299
517923
521513
515386
517065
519092
520505
519549
516474
517649
521310
520746
521605
515807
518269
518356
519263
518910
516883
523276
520390
515415
518199
520442
521390
518558
520064
521112
521010
491102
518402
520708
518143
519668
506310
522565
521275
521835
520768
520880
540309
518929
519266
518035
529168
520004
514469
522800
517722
520466
520702
517738
520389
520415
517637
523015
521938
522619
515173
520888
518487
522497
519274
514587
522757
519303
523427
519905
516954
449390
520731
517033
523274
521074
520600
519486
521994
516032
520297
523497
519767
519138
523570
521092
518246
518006
519444
518903
519869
516430
524594
521769
514021
520082
517785
517886
517056
520289
517057
521596
518273
518785
517707
521067
519395
519160
520902
520958
522658
521586
519462
520403
519832
519023
519181
520013
517251
521707
517784
522023
522615
523571
514659
524267
523999
517599
515795
516312
518649
517736
519284
520189
522370
519133
525156
516663
514553
516406
522167
519818
517186
513700
516250
524221
520269
515347
522574
521939
514809
522420
517587
523701
519426
515605
519359
518709
521776
520067
516459
517637
524466
519829
519907
519536
518749
516492
513717
715076
516305
521580
522960
517145
518206
518543
518849
519364
518676
517266
519649
516632
518194
522254
521276
519101
520728
522016
517663
517820
518890
519487
520984
514606
518025
513379
519643
520848
519554
523160
521973
516240
523318
524256
347525
514341
520782
519931
514513
504497
518623
522437
518589
525023
518347
518681
517157
525793
521419
516801
519829
524209
518482
520138
517995
515494
526840
520697
518134
516232
517854
520361
517289
521101
523378
520848
513929
522365
515465
523493
520671
516384
520859
520185
520250
518107
519412
520308
523107
518926
517881
521698
518480
518674
519078
518959
520685
516563
517675
516147
813677
511233
516015
514958
520033
521148
516718
522678
520386
515294
518622
518907
523725
522431
521693
520048
522265
515121
522741
519530
520796
519737
515777
519883
520611
517597
517107
519666
520328
519358
521476
521758
522266
516936
521211
513942
520097
514631
518668
517656
524195
521632
517150
520408
524520
516228
515208
515577
717592
519109
511648
518724
524373
522620
517520
517979
519681
520239
525232
534111
509225
521082
517532
521065
519758
519744
522597
518163
514458
522887
520538
519345
526583
516911
520694
519696
514692
518736
516767
520376
519830
518872
522475
272584
520495
517707
516182
521374
517846
519321
516776
519703
516590
520769
522236
518358
519148
518328
520471
522002
516070
519472
525260
517272
520794
520701
515600
518964
523862
514376
520935
518473
523220
519536
520820
519783
517912
521464
516802
519685
520620
522116
517835
518720
521292
519669
521523
519742
522451
518323
519280
518272
519138
520779
519634
517587
515002
517810
524025
517019
523666
522548
517418
515716
525200
515069
518010
520030
521471
519113
517986
521708
521174
516440
519783
524430
523250
520690
525699
521512
521353
522343
517601
521564
518090
514957
521033
517257
10793
7494
7960
21883
8297
7641
7706
7520
7657
7777
8235
7357
7532
7118
7635
7634
7665
7457
8022
7491
7414
7638
7517
7758
8023
7488
7670
7594
7472
7858
7757
8466
8617
7764
161405
7732
7787
7794
8240
7725
8406
7589
8392
7532
7374
7621
7768
7612
7407
7612
7107
7387
21376
7363
8451
7468
7840
6788
7894
7975
7446
7420
7669
7694
7673
7993
7243
7590
7443
7453
8327
7669
7735
8389
7909
7502
7707
7542
8184
7553
7496
7529
7799
7603
8733
8185
7636
7625
7627
7736
7671
7453
7651
7629
7732
7839
7778
6753
6948
7564
7591
6734
7691
7760
7630
7663
8410
7892
7756
7622
7779
7725
7496
7405
7938
7806
7663
8189
8272
7750
8307
7629
7610
7444
18960
7994
7718
8661
8225
7639
7710
7748
7656
7593
7837
7453
7752
7654
8416
7373
7682
7656
7685
7757
7094
7087
7651
7699
7751
7609
7556
8704
6744
7728
7725
7599
6760
8582
7780
8516
6974
7466
7545
7664
7557
7669
7575
7534
7833
7684
7492
7970
7537
8254
7538
7612
7721
7612
7646
7644
7623
7741
7272
7651
7545
7661
7710
7722
7614
7619
7673
6637
7066
7655
7653
7528
7549
7666
8499
7545
7775
7412
7825
7518
8009
7635
7520
7816
7555
7741
7739
8423
7784
7462
8361
8048
8558
7475
7715
7615
7798
7630
7620
7753
7602
-------------------------------------

