EAL: Detected CPU lcores: 20
EAL: Detected NUMA nodes: 1
EAL: Detected shared linkage of DPDK
EAL: Multi-process socket /var/run/dpdk/rte/mp_socket
EAL: Selected IOVA mode 'PA'
EAL: VFIO support initialized
EAL: Probe PCI driver: mlx5_pci (15b3:1015) device: 0000:03:00.1 (socket 0)
TELEMETRY: No legacy callbacks, legacy socket not created
Count core: 1
Number of queues: 1
Connecting to port 0 with 1 queues
ip: 192.168.1.1
server port is 8080
Expect the server to change the location of timestamp by 20 bytes
sending ARP requests
mac address for server 192.168.1.1 received: 9c:dc:71:5b:42:81
ARP requests finished
-------------------------------------
499963
523665
501740
520793
517084
491792
482992
520043
485479
483347
489325
517804
520371
520816
490517
489466
491414
518728
520545
517753
485385
515835
489248
527139
487929
521312
516157
490215
520612
522724
518825
522135
517790
521154
482567
517820
522674
522346
521841
516083
526627
524083
520525
483588
518185
518604
516676
520368
524466
519355
484341
485657
482875
481594
518528
486301
515819
521131
515628
517827
488030
521507
492931
516938
519552
533474
482012
521856
517907
480507
492264
517684
487422
517528
524451
487241
515427
483907
487437
520687
518816
526015
488905
486763
521251
525097
521262
522693
520556
520519
518686
521829
599039
513291
517215
490779
491548
518172
526338
489120
517464
524041
521523
519070
523589
520669
521574
490112
517122
519636
514898
522436
522176
484907
519259
522155
486955
487292
523341
492203
482538
517138
516490
482719
485665
486798
518159
518416
490977
517056
520957
515439
522963
519220
487463
481107
489114
492437
711279
483072
520081
519265
521458
518625
516632
493133
518530
517686
486235
524513
523545
521569
513926
520909
524392
520174
515506
520096
518438
520316
519305
517173
523933
489328
518821
521535
487189
521080
485184
517021
518804
493508
484366
517292
239943
481368
490249
517707
522630
489482
490400
517941
517548
519111
524319
517954
491287
519606
517267
487859
518733
525760
520546
489123
484620
486365
488915
488492
487218
521806
521406
517592
483265
518682
518460
517717
524448
517256
518641
518577
521112
481786
490162
481511
519403
515446
513799
488395
517507
524432
489770
489860
518268
520669
520589
491194
484487
522283
522846
576872
503899
519555
522750
524868
488862
519394
523608
488966
527385
486053
529729
522617
519489
526895
523598
529612
486417
523189
518081
523646
482610
515666
521155
487054
520949
524131
490202
522237
521854
522882
487718
516486
470086
488751
522087
521056
525169
523893
490482
518483
522628
526048
523900
519394
485784
520312
519586
716294
484051
493224
487944
483337
514182
524244
485402
488176
485666
492353
520114
485488
518657
519497
488455
487800
516792
522432
532994
482434
483694
483701
488852
520425
514664
520831
487439
489640
522480
519598
519207
528525
487017
521672
483820
208202
521266
483936
486551
521830
484882
519831
490263
516056
523917
519525
522036
518584
519743
526359
488242
518823
491764
524046
483671
522541
485608
485902
488431
520344
521671
519810
522445
522502
490826
518769
520450
520306
518788
514945
525179
489647
519130
517159
524363
520975
520649
521541
525901
523141
516440
518885
522154
493644
523589
523984
521022
524719
519686
522181
518554
515685
498528
519553
521999
483517
519920
521612
526817
519392
524887
487882
515731
521492
525788
521174
520076
516346
483979
487910
519020
519147
523259
487478
514124
515236
486645
520257
488484
522279
522467
519615
484841
484158
525235
519570
482951
515613
516670
518427
523227
487137
490541
484737
487231
487005
712657
488592
515929
518167
517735
520613
521333
519895
520906
519427
493118
518342
518829
519764
522082
521329
522043
519598
495946
488061
512711
487384
486571
518780
521934
521322
520830
486107
517405
520200
522556
490482
483479
485048
482270
488914
486044
516797
489015
519061
344774
518843
484138
482874
486808
485169
517061
524191
487366
517860
524603
487502
523518
518183
519437
518127
519441
516457
519151
517534
517393
518677
518456
517738
519130
521049
516941
519971
486882
525887
520174
487031
484707
515868
512533
520177
485253
516159
483339
506819
486097
519322
483966
485892
520966
491338
521122
516912
493584
520184
520188
488482
522948
524809
524687
492056
480425
512903
491574
518449
518998
518994
528763
488629
482536
515997
488351
517119
520523
517049
518421
522461
524577
522686
520731
485525
517774
522333
483646
484421
517435
482956
517133
521113
518719
520692
486433
521471
487517
516960
521712
519704
485288
487916
483132
523545
519841
525894
482661
485880
484146
500282
520271
519817
486270
517109
521172
500800
491490
506426
516780
516544
491471
512233
523211
472550
518853
490080
521923
522592
520810
483698
518083
523702
524012
520913
516794
521226
522899
519288
522440
486312
524644
525815
524872
519849
522933
492169
522348
484890
522083
517788
520087
522364
523300
485743
523585
494509
518983
498963
484607
490699
485961
486875
520986
524646
488009
521036
519976
523476
487671
520908
525758
521057
485471
486183
522782
524401
493356
489288
521363
485637
520240
491223
517999
516800
513327
528239
522276
522306
484277
525243
520325
521451
523692
475151
520221
488480
516238
521174
518680
488373
520174
486296
464761
489384
521311
485598
485876
520452
521020
517689
521307
489742
489222
662291
519945
489942
519827
517255
487283
490660
482882
483035
489710
487237
481723
508088
486495
521161
524628
522153
489728
516811
486605
523689
522765
518352
488662
522599
488938
510249
523502
491205
485768
516813
521490
522381
518086
520774
523981
523510
519981
519394
522384
488273
483976
519633
484361
519215
490262
484540
485583
488842
522981
708092
524065
488193
494119
521234
520059
519915
492774
493158
483882
489687
523430
524890
517841
490353
487517
490123
519540
481308
521413
520758
520571
515747
518271
484811
520924
517419
519393
520178
521083
519071
517867
518462
520912
524246
521533
277032
492011
524026
483399
518879
521279
520278
521792
519389
493635
486743
522042
521369
521350
518297
491117
485540
517324
522538
490283
492512
522637
489708
521041
486931
521452
524860
517898
523107
520235
523553
523343
492994
519774
482788
485469
519633
486168
522358
524325
487651
525003
468744
515841
519784
524082
517965
521895
519441
483219
515266
519593
522928
518239
523800
516836
487854
523112
523165
518458
520988
486468
519999
482732
518615
521194
525511
486661
518074
522895
520615
522795
520448
519222
521646
522598
522244
517935
519283
520733
523166
520741
520717
488099
519708
518626
519695
488851
491128
521158
518302
488625
487217
483722
486569
487090
483755
516825
490494
514227
485528
485502
489071
515812
519462
520510
486496
483991
519221
677147
490203
520672
521380
486694
494194
523592
523035
522998
490186
518103
491623
522902
519020
489377
526043
524026
519122
517881
521970
526767
518976
490845
519091
523153
489417
515195
519983
516353
520490
523418
518269
486831
521835
522458
521762
514740
527551
485870
519793
521425
491269
487330
511292
520393
493713
524734
523101
489092
515576
524825
493633
515610
516692
525587
526713
484640
520366
521288
484248
486350
482956
516646
490389
522871
516760
522371
493493
482847
522878
522385
487427
514824
488677
485840
490664
489381
516362
521466
520516
525447
486752
523297
517384
522159
484615
489015
485040
487302
485684
524106
522881
527097
487302
520491
523194
522210
517759
522724
483110
519229
488796
520969
526345
524528
526271
492434
487033
521544
520396
494867
489087
518108
519764
488126
485602
486877
517030
515502
485935
489841
519507
514752
487027
484107
520930
513801
520553
488738
486669
519717
523007
518418
516073
521439
522369
489999
486758
524461
520026
521053
496591
521515
486378
518926
523096
517561
468710
486298
519005
524732
487964
486908
487064
521247
522411
485461
488035
523363
521301
-------------------------------------

