EAL: Detected CPU lcores: 20
EAL: Detected NUMA nodes: 1
EAL: Detected shared linkage of DPDK
EAL: Multi-process socket /var/run/dpdk/rte/mp_socket
EAL: Selected IOVA mode 'PA'
EAL: VFIO support initialized
EAL: Probe PCI driver: mlx5_pci (15b3:1015) device: 0000:03:00.1 (socket 0)
TELEMETRY: No legacy callbacks, legacy socket not created
Count core: 1
Number of queues: 1
Connecting to port 0 with 1 queues
ip: 192.168.1.1
server port is 8080
Expect the server to change the location of timestamp by 20 bytes
sending ARP requests
mac address for server 192.168.1.1 received: 9c:dc:71:5b:42:81
ARP requests finished
-------------------------------------
478410
445600
444562
442685
442866
461808
472076
475374
478789
471204
465705
467104
472416
465827
468672
466810
468141
464456
469765
470857
458356
465020
461286
465258
461762
467696
463702
458530
459656
464536
434507
462326
462168
639498
475823
466077
458977
458810
459960
464674
464081
440020
460287
466311
432122
460123
459996
464103
470101
470425
464645
462829
463805
467099
461252
466359
427267
470235
462687
464292
461400
464174
466333
464010
463595
465242
468934
468358
470718
461588
462714
463854
462400
459687
466318
467097
469843
468250
458891
466186
450182
465423
467504
431590
430310
465923
463611
469004
470584
459974
458078
466781
463406
462467
458114
463407
462492
467187
465331
461151
464681
460435
463659
462405
463481
439266
462210
459077
464118
469038
461147
463709
465358
459475
434567
465279
465022
398701
466832
460656
465417
461795
465382
471471
462330
465474
456768
462978
462052
454091
457862
459366
457584
458233
459133
458763
427328
457468
457661
461059
627977
461517
458134
459945
457187
464534
462388
462241
473226
464847
461731
461552
456258
457658
465692
461199
457066
458960
459132
459773
457112
459203
458545
435005
459540
459662
465723
461343
431757
465506
459415
468364
468216
464250
467899
469887
464739
462482
462729
466866
461059
451362
465145
457188
464767
468126
464901
458951
459113
462743
463984
459156
457857
459517
462163
444365
463892
460479
457887
459533
482892
460234
459043
458563
466494
467698
469989
460864
459556
458453
465323
436424
457688
458994
459662
462116
465553
464764
462612
461165
465351
476402
469721
464335
464878
461459
464275
467559
460569
463151
459603
480135
465303
458187
468014
466850
465594
463784
460378
462047
461792
467529
461443
460812
457887
464797
433542
461379
461231
463100
462089
461508
466241
461462
465041
458688
438590
456261
457969
466806
463620
464360
463573
463830
464112
457828
466322
466993
462554
461740
467797
473786
466546
465918
461406
463900
431883
466569
462040
459184
463391
464042
464341
462237
462595
466723
459820
458710
467876
464840
470003
459914
463195
451239
464343
465268
461661
463855
461572
459121
465873
460158
465899
463880
464811
464523
456528
467989
461876
462989
429168
467268
458016
465622
465640
457745
467447
467241
459484
465215
465735
470738
468885
463944
465439
458577
459775
-------------------------------------

