EAL: Detected CPU lcores: 20
EAL: Detected NUMA nodes: 1
EAL: Detected shared linkage of DPDK
EAL: Multi-process socket /var/run/dpdk/rte/mp_socket
EAL: Selected IOVA mode 'VA'
EAL: Probe PCI driver: mlx5_pci (15b3:1015) device: 0000:03:00.1 (socket 0)
TELEMETRY: No legacy callbacks, legacy socket not created
Count core: 1
Number of queues: 1
Connecting to port 0 with 1 queues
ip: 192.168.1.1
server port is 8080
Expect the server to change the location of timestamp by 20 bytes
sending ARP requests
mac address for server 192.168.1.1 received: 9c:dc:71:5e:f:41
ARP requests finished
-------------------------------------
681533
668785
658306
670128
656133
669252
668096
683938
695427
699046
659541
667353
686030
669368
681302
700276
700031
471219
702414
926764
682204
676637
677442
696220
706794
659385
698249
704419
700016
702189
702063
699551
694375
703056
687033
713458
688919
698665
699212
660487
699228
702728
688956
674215
685904
700628
700257
681602
679343
693373
672425
686776
676400
695486
690419
672743
705399
686590
679772
681194
707579
715293
701338
704954
663682
666973
700036
672110
716355
688952
704351
686376
684836
701925
672619
688636
722818
701066
693025
694649
700387
665917
711486
685188
702846
695177
661969
683419
705615
703333
1070918
316282
315119
383600
401802
440888
471963
495871
536458
572310
623035
663576
702081
704481
712299
693030
674913
689106
680474
684011
663836
701654
702179
697319
663113
702292
718560
694958
705887
702032
706990
663887
701282
661307
699374
703685
666701
701372
705989
704935
704233
699798
701383
696637
709919
663143
700082
661111
697687
670343
716204
685004
706535
711121
670594
655064
695148
713415
674789
683300
702782
705165
702966
680863
667351
690302
669564
708582
704979
707395
670538
701946
677014
689887
702446
675489
673103
688945
675732
699368
685768
683328
698397
700306
701060
698834
696098
697322
700035
665025
701312
701088
665196
699764
705543
695819
705817
702642
699922
699219
675114
691961
700327
689356
668004
667015
712478
683046
663909
661733
677825
691541
680384
692369
690082
698965
692552
701452
707246
706341
705724
687039
695347
664260
697790
671325
702600
704933
666112
659390
666036
684950
692985
696614
705015
682317
689527
718921
889474
695526
710346
686776
707827
694584
1190619
357270
370015
419707
436783
481938
514933
573799
620976
647716
640621
689864
705167
675440
689394
719716
700217
720491
699565
696339
717786
688159
697887
714889
719686
700648
709661
677299
715911
709185
676056
671419
687152
696907
687040
693771
682575
702044
707728
692185
703752
683446
711851
714106
707989
707410
685888
711009
714402
690318
705722
707618
705745
707774
707044
705140
699953
709697
706383
707737
711918
710825
668953
703656
701997
694005
711904
711898
715052
672406
707580
707446
730810
706005
684830
702646
668833
710805
674855
706948
692389
699638
685534
696318
684057
699344
716447
710562
712630
679009
711270
710217
681676
708822
699111
703136
706164
709361
684613
-------------------------------------

