EAL: Detected CPU lcores: 20
EAL: Detected NUMA nodes: 1
EAL: Detected shared linkage of DPDK
EAL: Multi-process socket /var/run/dpdk/rte/mp_socket
EAL: Selected IOVA mode 'PA'
EAL: VFIO support initialized
EAL: Probe PCI driver: mlx5_pci (15b3:1015) device: 0000:03:00.1 (socket 0)
TELEMETRY: No legacy callbacks, legacy socket not created
Count core: 1
Number of queues: 1
Connecting to port 0 with 1 queues
ip: 192.168.1.1
server port is 8080
Expect the server to change the location of timestamp by 20 bytes
sending ARP requests
mac address for server 192.168.1.1 received: 9c:dc:71:5b:42:81
ARP requests finished
-------------------------------------
381308
389369
381564
390458
391258
364667
363902
393981
390830
364577
390607
390960
391025
363499
390242
391311
363779
367388
391262
389574
368042
390146
393707
391823
390908
365220
391194
390266
366030
390908
367405
390928
367250
364418
364031
395143
369632
389181
367137
388610
389502
365350
387635
369075
392728
394329
390608
390607
364945
368739
366464
364712
390069
365379
369208
390446
364246
364882
391035
393681
393282
363791
366727
392071
366170
364818
366531
366934
367808
364882
365626
389819
390836
363531
366244
390734
367109
364436
367871
390042
395407
364607
390193
365610
388834
393087
388919
367558
389900
388116
370881
388711
392138
366126
362840
369023
390466
363746
388833
367855
368644
366339
387962
367880
365028
369963
388641
367921
364912
368394
389868
363775
366753
365811
362305
369405
391681
391179
365147
364261
367168
364109
363980
554913
391803
392230
392421
313907
366125
365739
368627
363177
366605
365391
387536
369523
367714
367209
365116
364829
369360
396765
389021
389222
365409
369803
368732
365835
389355
365297
371248
390205
365436
363717
369013
388985
391459
363875
389651
367628
366904
389079
383094
389760
392865
365886
391025
371079
390712
378758
364963
391352
369840
388681
365493
367338
366979
395293
390617
366300
388371
366896
371964
388303
367775
367801
388971
363898
391254
396518
366544
368642
365076
390925
392672
366352
393728
390103
366826
363979
390209
394332
390522
363692
366632
391101
364117
364856
368525
355428
364119
377950
389141
393935
390565
367952
392838
390509
389217
364731
370443
366085
367211
363906
368461
363917
390353
364860
366191
393245
368429
366009
389803
368877
389216
368564
391005
364265
367106
367097
393276
391202
364759
388338
392101
367341
366735
387959
368258
391871
390730
393284
365491
390032
368943
367033
366741
388323
367656
363538
363617
371246
365764
366046
366202
389379
370051
390271
391826
364483
392023
366952
370018
390534
366651
388809
393069
392280
367581
364952
365302
367735
392092
367601
391589
389811
367572
367921
390271
366208
366423
368325
360384
366104
367741
367153
366139
366989
390933
368640
365057
391982
548628
376641
391856
393884
365420
389100
368616
365015
364206
368903
367725
392734
390429
365266
364615
366288
392920
390425
389316
393077
388080
391494
390188
368201
383598
389133
362137
390326
393660
391479
366230
364355
366635
392324
389503
391338
367584
390494
364353
390245
367461
367384
390873
390944
393365
353999
366642
389525
390063
363822
409605
366728
391703
366995
391332
366025
390656
368329
392475
389753
391776
364396
391245
390858
364738
392637
368187
389976
366474
389184
368909
366406
365628
390730
365298
367497
374099
366868
391814
365379
363934
590117
377245
392481
390646
366226
367471
364342
369923
389410
365469
369998
364356
366939
391517
389153
369005
391305
368690
389395
365934
391651
393794
393676
392011
391281
362696
391069
368148
389179
388964
367758
389748
367470
367858
389193
367758
367929
391563
389443
366800
389933
393627
376129
365048
392989
389552
364768
368508
366669
392675
392070
366538
366566
390133
368516
365574
387363
368771
364167
390069
391072
368178
389248
390177
392596
365824
364361
368356
363726
389493
386343
367651
366581
393179
369394
391174
364422
390532
393483
364481
364011
392895
390225
368934
372508
365632
367756
388684
392440
366053
365409
366266
391153
393743
392162
368020
367033
389128
367558
367734
364426
558594
392962
366697
366846
258876
396226
367744
389764
365225
368149
367407
391560
389006
368653
364449
366199
363602
369809
366158
367614
366148
389491
366672
366410
389169
367482
391586
388507
390430
387052
369841
391106
391235
367957
390296
367143
368268
390366
367876
391148
365668
357805
392052
390896
367049
363927
389589
363242
393981
389824
391058
393064
367608
393967
391364
389511
391842
394632
391230
392836
389994
391928
367420
368656
389232
368054
390153
391478
367071
373856
367874
389933
368542
391100
520448
393986
394443
365262
390232
365211
370922
389516
367619
392485
362921
369465
367786
390333
391020
389492
395086
389545
369023
392056
363394
391017
367838
391271
366772
388933
394021
364805
366524
391460
388505
390709
392511
389671
388141
367941
392738
366936
366567
389120
368348
368967
390079
363446
367056
391224
392123
391364
364922
365949
392715
390657
390892
389333
367140
366658
368168
364493
366729
391696
389423
363232
391364
367471
364280
366899
368876
387720
367041
364848
369019
367209
390849
364142
365803
368760
367716
390038
366171
389604
367795
366551
390789
364806
368317
366446
391960
551282
391838
391373
366972
367230
388497
365595
249020
367769
364983
390799
391328
391010
367523
391610
390546
365841
-------------------------------------

