EAL: Detected CPU lcores: 20
EAL: Detected NUMA nodes: 1
EAL: Detected shared linkage of DPDK
EAL: Multi-process socket /var/run/dpdk/rte/mp_socket
EAL: Selected IOVA mode 'VA'
EAL: Probe PCI driver: mlx5_pci (15b3:1015) device: 0000:03:00.1 (socket 0)
TELEMETRY: No legacy callbacks, legacy socket not created
Count core: 1
Number of queues: 1
Connecting to port 0 with 1 queues
ip: 192.168.1.1
server port is 8080
Expect the server to change the location of timestamp by 20 bytes
sending ARP requests
mac address for server 192.168.1.1 received: 9c:dc:71:5e:f:41
ARP requests finished
-------------------------------------
561051
557466
553676
556615
554430
554778
557201
554299
571920
563621
558044
560863
560083
560992
565724
560010
561313
560712
557401
558282
559092
558853
556098
558547
555987
556950
558497
558810
556900
558366
558203
564027
556078
560658
561598
552969
555351
557875
557999
566107
559564
562435
559251
558784
566027
560548
557032
559155
556787
554610
558195
556158
566279
557230
559025
558591
559136
554639
563065
565616
558778
558057
556633
556890
558111
554129
556420
568207
560686
562557
557718
556825
559468
560056
556086
558237
551629
563895
556109
557278
550846
565835
570133
558523
551781
557145
557525
558133
554892
559263
559600
558363
553153
556333
561109
555880
558780
557120
560311
557082
556217
555976
555595
556312
555253
557117
556868
556563
556258
561023
559974
551647
555565
559593
556249
558142
556802
557174
557736
556908
556890
556018
554259
561523
556724
553281
557384
558532
556928
554103
562885
573230
556842
559622
551723
555444
554651
567377
557803
556813
560769
557938
559228
554904
560058
555768
555571
556493
556959
565925
556109
559788
561676
555256
555937
555633
562182
553363
561946
559888
568854
561997
558324
562318
557829
559785
559482
560339
559832
558364
569170
558821
553672
558317
563463
560248
558651
556667
560708
563079
555055
558573
561984
558437
555725
559752
571364
560252
557886
551083
558349
554749
557766
553132
559995
554243
557221
554921
554080
555338
561921
560143
559001
556152
750226
558538
555962
558271
559016
557737
558125
558914
558912
556681
548651
557409
554297
554306
555733
555312
552930
554405
554691
554727
554533
570943
559769
561699
551116
554539
555509
557913
567854
561610
562158
559205
564606
557725
557389
560548
-------------------------------------

