EAL: Detected CPU lcores: 20
EAL: Detected NUMA nodes: 1
EAL: Detected shared linkage of DPDK
EAL: Multi-process socket /var/run/dpdk/rte/mp_socket
EAL: Selected IOVA mode 'VA'
EAL: Probe PCI driver: mlx5_pci (15b3:1015) device: 0000:03:00.1 (socket 0)
TELEMETRY: No legacy callbacks, legacy socket not created
Count core: 1
Number of queues: 1
Connecting to port 0 with 1 queues
ip: 192.168.1.1
server port is 8080
Expect the server to change the location of timestamp by 20 bytes
sending ARP requests
mac address for server 192.168.1.1 received: 9c:dc:71:5e:f:41
ARP requests finished
-------------------------------------
573977
559618
562242
567147
565703
564649
563368
560153
562760
571198
559187
565126
555744
553850
554825
556651
556941
557522
557145
559971
559011
560129
558665
552665
556748
559208
559613
556426
560692
559995
560158
555697
560894
556345
560360
558374
558046
558882
565154
554471
558263
556360
570999
555147
559378
558343
561376
555803
558561
557892
558356
560398
557102
563615
560438
559478
561687
558482
552340
556348
753105
558882
555982
558342
560606
552737
556544
555147
557636
560629
556218
557958
555308
560632
558584
558949
555698
558405
831818
553700
555036
555263
560516
556805
556306
561668
555372
557306
557158
553278
553608
557622
557343
556052
568051
560361
560237
562138
560068
557284
556013
558193
559434
560097
557797
559338
556320
558061
560626
562446
558334
556758
563915
558439
559917
559826
557578
559622
560856
554631
559894
562463
563475
560128
558914
561431
560105
558206
556616
554952
566681
571281
557788
549307
556343
555738
555045
554874
561124
554490
560309
559831
553364
558031
560736
569933
554371
556741
561947
554843
556789
559387
556990
558612
561160
551574
555656
560741
554413
559571
558813
556333
555089
561485
556302
556810
558441
558231
560163
555222
555613
570194
557539
557475
569384
560321
561900
557890
555393
557503
555893
557160
558285
555835
556722
565492
556651
554506
558745
557319
555468
557961
573412
558043
559112
558258
556959
561078
552260
576507
558751
556979
553560
555846
554505
557210
568646
560071
558242
558320
558319
555417
564208
558552
559728
559655
559092
558005
557485
556456
557199
562349
559266
556994
554789
747857
456036
559598
561599
557646
559400
563615
561701
556758
562289
561487
563303
564622
558777
561003
558302
563265
561731
557064
557644
561865
567152
570710
562581
556497
562684
564008
563913
563488
561837
557384
555620
558615
557387
558548
561121
555671
561777
573126
557823
556299
562630
556952
556938
559205
556717
557396
561335
554400
555871
559247
557340
554156
552865
571692
552726
558953
556151
556203
555227
554545
556805
560272
554446
558668
562627
558397
555876
556318
556484
560272
559282
557015
557476
560912
557316
556341
558840
557835
559926
558553
558451
556833
558911
558672
559283
558101
557917
558661
560384
560104
557138
559089
561540
557882
559671
559951
555341
555958
562764
555962
554748
550036
559255
555423
559657
555610
562301
559486
554475
559413
556861
559437
558384
556333
558327
558810
559440
558348
557403
560324
561511
554002
559777
554715
558414
558558
559288
559596
556643
562961
563127
562462
559859
562531
561910
560258
558140
557859
556216
555095
568253
565892
563724
557342
563448
561652
560056
556784
575893
558991
555769
557131
561978
555712
556656
-------------------------------------

