EAL: Detected CPU lcores: 20
EAL: Detected NUMA nodes: 1
EAL: Detected shared linkage of DPDK
EAL: Multi-process socket /var/run/dpdk/rte/mp_socket
EAL: Selected IOVA mode 'VA'
EAL: Probe PCI driver: mlx5_pci (15b3:1015) device: 0000:03:00.1 (socket 0)
TELEMETRY: No legacy callbacks, legacy socket not created
Count core: 1
Number of queues: 1
Connecting to port 0 with 1 queues
ip: 192.168.1.1
server port is 8080
Expect the server to change the location of timestamp by 20 bytes
sending ARP requests
mac address for server 192.168.1.1 received: 9c:dc:71:5e:f:41
ARP requests finished
-------------------------------------
571963
561231
561586
559009
557278
561623
559400
563598
556518
556883
557472
558162
560612
561964
558456
551089
559839
554717
559216
557392
557891
556425
559444
556702
561462
563866
555692
558781
555233
554102
563410
561348
557051
732438
554175
558393
556378
557871
558102
557790
558667
560398
566807
559370
560787
564331
554979
564499
555092
557415
558050
557563
558303
563327
555783
561921
556917
561427
556810
555753
556754
558097
559535
554535
559301
557097
559939
556903
553983
552761
560575
557404
559056
560085
557027
560697
560125
559343
558605
568920
558368
557663
560080
565387
563880
566354
562536
563125
558434
559872
558640
560727
559064
560628
561396
559792
560015
561842
561192
557689
561621
559654
561332
560313
557727
559674
563209
563415
557766
560441
555187
555175
561331
557044
562146
558625
559656
561318
562788
549119
557873
559390
557163
563563
554428
560613
562506
559976
557449
558594
561117
556985
558157
557198
559804
560075
558061
557964
561773
558984
554384
560055
556194
550085
564061
556976
560357
560778
563658
566020
557801
563692
562088
556391
555800
558742
559859
562420
559716
558383
558054
574546
565348
559551
559992
557423
559539
557454
559326
559526
558863
557417
556900
560629
557676
555392
558264
556983
557435
563639
558282
555328
559739
558874
558000
558456
556919
563276
558242
560992
564988
558089
563442
555131
564354
563194
558353
558931
561081
562518
557481
559548
559830
554292
556928
558468
560707
558503
560936
557882
558077
561742
555641
556976
559910
558691
555327
556347
557863
559629
563437
561914
563947
561387
560290
563186
559263
558829
565764
564348
570287
573513
574794
571543
566931
573384
569630
570278
570215
567150
564872
573955
566400
565959
566988
567145
569279
562983
570139
564739
565615
563136
562893
563020
561051
568336
564374
570315
571081
568552
581104
557387
558785
560492
556825
560424
556935
563829
558246
558432
560459
557367
560718
554594
747671
490547
560388
558908
555574
557854
553796
556001
561348
554638
556800
557161
559786
551451
561608
561037
562041
557474
557817
558641
747971
557304
553667
562105
554632
559983
557764
557626
557987
556941
556963
556637
557507
561386
554374
557991
561463
561409
558748
556169
556933
558445
557189
557974
559050
557911
564535
554914
564154
557050
559605
559327
557753
556384
557786
559237
559725
555031
563874
553648
558466
560701
556666
561930
555963
560491
560922
560058
561523
561002
554501
556397
558451
559152
557401
559024
559846
561055
558632
557302
559461
555293
559785
555434
557077
560145
555339
562215
558215
558775
558042
559249
558311
556456
556180
559089
561037
553764
554133
559620
557188
557843
555610
557070
559011
557718
557293
559796
556043
560972
560334
561979
556958
557662
558471
556379
562511
558712
560407
557917
558156
560710
557529
555859
560630
557732
560066
557534
558436
557132
561712
560664
556941
755212
553301
567318
557554
557989
558607
558519
555851
559828
557342
554039
558828
559507
557162
559128
555027
553983
558723
556366
551676
556876
558624
556542
556586
556442
556505
558155
559656
556835
557107
558389
561489
560596
562486
556484
561267
557923
559405
555995
559880
556308
557410
556250
559452
557580
556112
556728
556320
557867
556660
557895
557307
557687
558698
560451
560008
559871
556335
560613
555421
556384
558384
555993
556779
559154
557789
555328
559815
560654
561372
564236
560187
559490
562568
560159
556919
555358
555319
557600
555137
556895
558275
558129
559558
556195
554794
563100
557966
553548
555214
557340
557812
558989
553320
559215
560284
560635
556076
555015
557019
559564
558041
555049
558594
555089
557054
559251
558812
554588
556698
557164
557651
556920
558418
557988
559371
555476
556815
555904
558524
557286
558066
558030
557041
558677
554798
558107
558225
746672
355595
560238
555092
559238
557864
558344
555928
561707
555677
557253
557282
557030
559654
560715
560620
558543
563784
557560
547283
553922
555544
557851
557738
555751
562770
561131
562246
554002
558577
559274
559604
559376
556476
557827
556122
557430
558507
558735
559174
554389
555159
558774
556261
558066
560462
554200
557645
557765
556050
555278
557852
559775
558080
562750
559611
558442
556535
558439
560262
561280
558933
566333
556475
559393
562258
556400
560637
552005
559827
558527
555799
558787
552179
560621
554926
557271
557332
557052
555675
561379
555652
555438
559041
560510
561100
555863
558261
557417
559080
556544
558664
562718
561504
561010
561921
561073
562377
560658
552772
558451
559380
560806
555465
552960
560919
556856
559776
550220
550219
560079
559447
563592
555330
556316
558923
559414
560441
555559
557326
558251
557907
558346
556252
556980
560075
552883
559351
746789
355187
564695
555007
558748
554762
559415
556291
562838
556966
560746
559319
560569
558190
561537
557204
555656
558888
555110
562225
559406
559671
558202
559018
555641
553803
554753
556330
553695
555263
557702
559759
559144
564026
557633
561657
561317
555897
555653
560418
554471
560250
562620
563412
559489
559629
558519
560207
556782
560791
555185
559571
561383
557868
557604
559009
553952
557166
555816
557892
558251
556771
554364
559407
556589
562164
562142
555358
555582
553368
556659
556466
558528
560255
557797
559861
561276
553268
556347
558336
552151
557282
557374
556003
558305
556585
557730
563852
556795
559694
557979
564069
557302
553887
554546
559464
561269
558365
557451
554471
558129
557001
553997
556645
559707
560815
560476
562564
559655
555617
561573
555734
557060
558429
552020
558664
561328
554831
558205
558893
558192
557722
556550
556256
558189
556338
554143
558915
748897
352702
558246
554730
557107
560694
556096
558707
560946
562930
556477
559733
559829
563528
555557
561615
553767
558070
554013
561359
560055
555604
556762
558710
554310
560018
557610
553300
559789
556274
555802
558282
554769
560982
555799
561131
557040
558933
557220
560343
560084
557615
562219
556686
560035
559498
552923
558481
559994
562522
555855
557040
557641
560191
558099
556718
558683
559670
561164
556555
558317
564085
556666
560510
554301
560302
554961
556246
552749
557027
560779
558924
557966
554596
558907
557429
557911
558712
559846
559937
557568
558487
560953
555115
557126
556106
555789
558062
561742
556445
556178
559163
560169
560432
557067
558762
558083
558404
560692
558734
560194
561369
556896
560319
557861
556537
560243
560831
563497
556646
562723
565556
560512
559979
558456
560451
556507
557344
558185
555178
557510
558406
558914
554431
554639
555170
556071
556034
752334
321738
559757
557907
557773
556863
557965
557412
557777
558065
558446
559348
559758
558216
558174
557384
560323
560098
561899
564087
559610
559249
556887
561493
558509
558347
558327
557921
556238
553351
559655
556142
559429
559263
558502
559874
561435
555938
557358
556958
560431
554344
563696
562103
559365
556006
559806
560352
561260
556778
563480
559271
560022
565460
558589
560969
559220
559525
555040
557345
554151
557050
557752
556767
559021
557381
560766
561631
556553
556874
555497
554353
560070
557793
558625
558047
562644
558664
562316
555998
562367
559224
561198
557324
559779
561508
559063
561539
559458
561315
555951
558757
559471
557784
555798
554356
559388
557186
557410
559712
555037
561299
554682
558457
555174
556561
557299
555788
553969
556554
553849
561345
560286
558348
563745
556041
562471
563389
559629
557480
558500
556966
559251
555787
560756
558049
556607
557777
749241
259367
555605
560630
555822
556387
559412
555473
555925
557362
559634
556102
557885
557986
557460
557771
558646
554547
557303
555029
559240
551609
561046
557394
557605
556981
557333
561675
553187
557569
567564
557342
552217
557490
556911
558266
559105
557945
555987
563186
561091
555251
560082
557341
556843
557449
559064
562175
561798
561243
562574
557166
561330
556960
558017
562717
558527
558846
556241
561241
556662
562512
556673
559580
554854
563991
556153
559476
554754
550670
558545
562257
566679
567410
565780
559117
562149
556554
562923
558704
560272
562389
560882
563815
563298
556190
562668
565086
557610
562844
556600
561668
561980
560374
559651
558082
563400
561062
559148
561611
555789
560497
560092
556262
561076
560314
562138
561405
556530
561346
562088
559978
555963
558420
556564
559305
561105
561263
565446
559198
559160
563791
557820
561470
557016
561114
556262
554722
754784
458827
559169
557169
558923
556338
557488
558428
558188
563580
559055
561071
554044
558351
559035
555570
562741
557647
556671
559129
556750
557019
558001
557339
555928
559374
562579
557724
556573
555973
557623
560435
562161
561581
561959
557902
556132
557953
558423
558723
561185
556436
561241
564614
558269
562070
556936
560841
561758
557159
562256
562420
556203
557104
562185
558589
557579
556158
561755
556371
562329
558061
557943
565180
557780
558635
558113
557163
558052
560140
558744
560066
555774
561219
557584
559292
557525
558645
556814
558074
560401
555548
559065
556375
557128
559718
554450
559750
554936
557076
557098
556153
560133
557344
556612
555895
559717
556683
558282
552733
557514
558589
560394
557260
561749
561107
562586
555712
560599
560818
558857
555396
558435
558660
560604
559911
558824
556133
557165
556148
556786
556244
557967
559432
553795
559239
562724
558969
749342
353839
558401
557579
557609
560958
557457
565471
562738
564805
560856
560893
555397
556158
558584
556738
560112
558808
555956
557419
560578
559982
560153
558805
556962
555641
557543
556585
553010
557727
557189
556650
561126
555800
558040
560407
559237
559010
559871
562406
558992
559007
554171
562080
560131
553392
559327
557835
557056
558724
559288
555292
560994
557802
559642
558279
554883
555604
553454
560506
560154
560698
557083
557064
557321
557676
554500
556923
557340
561706
559731
560753
560472
558593
562929
556634
558226
558331
559900
560070
560296
558270
558788
556495
559087
560489
560553
556478
558963
555530
565308
555789
561062
554912
557469
556365
560889
556201
561278
554005
558388
555901
559361
561574
558405
558887
558744
556054
555467
556578
561738
560701
563487
554408
561264
555558
561246
558828
561062
557878
559576
560991
560879
554526
558451
558126
561176
554651
752776
285069
559559
556928
559359
559171
559522
557492
558223
558034
559588
558425
559415
560982
562221
559429
563217
558856
561389
565654
559169
556298
556448
557710
556261
558630
556174
556054
554010
557148
553866
559507
556378
556618
556943
557329
555894
560753
555723
557028
559306
554942
559863
556362
555572
555215
559042
560235
557492
558421
558160
561892
559699
561097
562054
558323
557788
562123
560628
562071
561241
556313
555525
557463
557205
560076
555276
553466
554492
557861
558717
555354
556539
558373
559830
556671
560408
557794
557528
559514
560777
555175
555953
560779
557314
562317
558103
557017
556584
558089
557081
559527
555873
559768
561394
558740
565987
564333
557481
557358
557914
559009
555289
560635
555151
557420
558486
555182
554012
555088
560571
551236
555548
558205
557888
560192
555079
556264
557324
558039
555751
558994
559123
555096
560886
560053
559583
559494
749155
330194
556702
561175
555123
556116
559723
557296
555697
558805
556677
557584
573832
558129
558817
558045
557208
558147
557882
571338
812528
544279
558051
555446
555194
559912
558952
557841
560599
562083
555163
563542
556887
554852
557340
560656
560143
560837
557061
558426
559071
559449
558068
558799
559897
558335
556855
556420
563328
561282
562749
554951
554328
557003
561082
560435
559489
559318
560451
557342
558405
558856
558210
560651
557707
558848
558751
560125
554212
555865
560220
558700
555475
558860
556779
560431
560357
559201
559547
561760
560414
557299
559887
559181
562391
555787
556801
559154
559929
560451
558980
556364
559706
558030
556667
556336
560438
558751
558495
556537
557892
559007
555072
561066
554247
557385
559596
560895
559657
559712
557047
555537
560691
556903
556561
556817
560857
561088
562140
557051
561577
558270
560414
558084
559202
561383
558466
556232
563035
557468
574365
555111
565487
751630
530034
565933
560605
561349
561206
559236
562646
559820
561677
554794
556805
560092
557328
562969
555594
554635
558959
558932
556580
556789
561498
554998
560394
556866
558988
559336
560458
561803
557906
563026
556671
557105
557189
560323
560405
561714
559333
566997
562862
557103
560000
558857
560034
560963
558461
559794
559148
555917
557758
560825
557061
558010
558605
560401
557316
557225
560795
556238
560747
558507
560783
556982
555189
556917
554329
555233
556743
558758
555758
556635
558244
558522
557180
559335
557683
559613
559895
556581
558332
561615
558913
559997
557241
558243
557177
558941
561082
559264
559868
554770
562727
557247
558205
554728
555547
556134
560256
556876
562625
559398
559083
556258
556518
558039
555335
559548
555837
555468
561198
557359
556583
556603
558446
560364
557030
558046
558379
558958
559691
557787
556553
559177
548969
560558
560554
557906
559767
753555
322230
565266
554888
556716
561943
553637
562239
560205
558623
562183
558574
561350
556354
561515
555794
553856
557178
557170
560388
556476
557661
558754
562410
557443
556544
558342
555946
559501
557541
559824
555344
557213
560096
555458
562243
558224
554210
557429
558071
561891
558137
557667
558626
557192
560218
560162
560403
556731
562523
557215
559470
555878
557679
558431
557749
566995
556662
563733
556824
559133
555051
558052
558504
555919
550646
559369
560616
563948
560274
572059
563743
557071
557928
560739
558482
557235
557938
555620
559960
558200
565189
560395
559912
556251
559871
557748
555786
556808
558051
555553
557981
557125
557164
558743
558204
557903
554380
553400
557907
557189
558368
556825
554815
556851
554534
558445
559394
557311
557291
559319
558461
557690
558834
557307
557466
560472
559850
558704
559063
559301
558645
558176
556201
558945
561653
559117
556419
751627
321782
561716
559657
559816
560452
559289
557473
556356
557224
561441
560780
557815
556251
558394
560919
555627
555529
559897
558187
559377
555634
562022
562356
554553
562682
560781
560868
558409
560938
559961
554937
558592
557409
559052
557829
559572
558021
561517
559514
560451
559100
559466
554225
559873
554743
558030
554696
557877
560312
557305
560758
558010
562701
559777
560811
560794
560873
563684
558419
560175
559633
563553
557280
560053
555989
555355
558830
558090
559321
557311
559870
559153
553524
556122
555631
555917
556455
556139
558996
562230
557024
557593
554207
558150
556260
557875
559071
560271
561272
564754
557663
562613
560389
554199
559136
558250
555271
558545
553220
561166
551984
552775
553663
551048
552415
556685
558752
557450
560075
556766
557306
555353
557041
559072
556028
560354
555796
553726
556658
556193
553927
557826
556021
556667
554073
560856
560164
746399
359330
558624
557994
557482
555921
558170
557329
559594
558852
555050
555374
559090
560596
553701
557428
554524
557682
562240
566199
559732
554051
560243
554769
552683
559840
560191
563297
557182
557886
559931
559664
558817
559298
563153
560081
559559
556724
557758
557921
561460
553864
559012
564167
565736
564006
561907
562512
559844
559039
561581
562275
560239
555107
558831
558035
554941
560438
559531
557214
555515
556942
563643
559959
555420
560851
553048
557246
559855
557487
559666
560800
560601
556052
561052
560440
563991
561598
559897
561167
561606
558370
562041
559140
561684
555372
560435
565309
556526
562570
557678
560033
557082
558887
562162
559670
557573
560857
558812
562416
562241
557716
560571
559275
567276
559888
563604
558986
560497
558348
559046
554315
556768
561807
554898
559226
559285
560038
557507
556640
557686
558957
553127
560469
556367
561736
557292
554787
751508
385862
561999
558547
558528
559814
558830
561717
559714
561273
558348
559536
560344
559125
561127
555221
558866
559748
560923
566175
557983
561347
555594
562508
548832
555071
558565
556246
559765
555277
557810
558298
557527
558390
560482
555028
559745
560512
561524
553948
556781
559082
558605
557918
556615
562203
557313
561741
552981
562095
553722
557540
557646
556297
553964
560442
558428
558229
559312
561651
558806
555897
558666
549399
557959
557762
561011
555937
556944
557220
557627
556884
557487
558060
558702
557165
557650
560011
559494
557261
555315
555220
561193
557739
559963
556518
555771
560273
554429
554387
557011
554769
560155
554441
556968
564215
573681
574333
566072
568777
564014
568874
565621
560307
564066
563151
560899
559562
564411
559708
561862
563811
565379
563501
560687
563035
561171
558536
560279
562338
559790
564789
560054
563568
575463
553466
557229
558342
562570
560003
569325
562824
553059
562123
548210
557413
557686
557051
561495
556220
562302
557833
563558
553656
558969
558238
557055
559272
559770
557103
557347
556986
584622
566028
558682
560819
559834
561375
561912
554851
561089
560138
555716
561558
559050
559193
558998
560267
559779
557300
557266
561201
556635
560840
555584
559914
555188
564273
558031
560714
556962
557767
561147
559812
557379
554275
563419
556590
559292
556571
557335
559111
556941
554731
556894
558140
558741
558126
556948
563898
556830
557960
561004
564071
562912
561823
560229
558328
563748
561951
562868
563348
564087
562651
560967
557651
557991
560059
562625
559179
560117
559173
561734
562282
559712
557768
556261
559830
555702
559914
557104
557889
560923
557176
563145
562664
555107
560514
560839
560191
560893
564130
561333
563162
560028
561681
557647
560491
559398
559029
555800
563161
559892
560026
558523
561179
557932
555033
559174
560076
556207
558641
551574
557154
560699
559851
556648
558655
559416
561317
558330
558626
560310
561714
558846
556779
564755
561593
558731
559028
590428
558259
563666
554511
562500
560775
559646
562989
558532
560273
560707
558794
557908
564281
560595
558974
558386
560333
557824
557469
554201
562487
556132
563048
559765
563842
557685
560487
557425
558420
561720
562297
556165
557959
559407
560234
561082
560416
560635
555671
564177
558464
557123
560307
560887
557728
562528
558261
561138
554938
561194
556022
561518
561090
559963
557703
558743
560467
558384
557241
563641
559071
555553
561920
562322
559756
560258
559830
559654
558003
560063
559636
564234
558582
560132
558051
557667
561698
554833
563611
556504
559551
559766
558309
558188
561846
558968
559084
560673
559366
557662
564984
562625
563566
561011
558030
563866
558184
559105
558087
560305
560170
559510
558567
559079
551393
560075
557687
560517
558835
551397
553215
558477
558907
558757
559529
557430
559753
558659
559246
563940
560606
560892
555757
562630
559785
556128
561176
593294
560191
560889
560681
558935
562749
558005
563023
562603
557476
559589
559610
558657
555409
557948
559688
558186
561782
558403
555689
556324
559752
557784
559810
559861
565423
557165
559711
559843
560876
554072
559686
560798
563451
560534
558280
564971
562223
562283
554958
564313
562891
553066
559982
565947
569496
569321
562769
563833
558470
561887
560375
558522
562163
559671
563694
556861
559510
560370
555521
558163
567256
564389
562137
557128
559758
560087
575666
559348
551781
562797
557936
562467
558711
559802
560020
560653
558867
556323
559879
562518
559875
561320
561493
557953
563023
563503
560548
560855
562938
561120
563051
558197
565573
560886
558590
564994
566621
564574
564697
565055
565232
559467
563538
557752
562045
559795
561999
558473
755262
553871
563802
561607
559082
563325
555817
560312
560451
554198
557631
563189
564752
551423
561523
558358
556555
561352
557441
574358
558774
556314
562790
557296
561883
562861
561087
563862
557800
563588
559738
557697
559809
560693
558234
556484
559779
560066
560624
560323
557042
561225
561276
558263
558003
557474
560594
561019
557466
558970
559143
561194
559790
559163
560730
558834
560460
554792
562745
559978
561338
560197
560961
553836
560113
560680
559855
559406
557066
560029
559769
562540
559491
561978
559070
562847
560965
558389
558641
557189
559790
556361
556829
558618
560992
555683
558598
567445
557381
559892
562369
560886
563299
559291
557504
563108
556864
556540
572410
567459
576559
574230
573638
571358
568458
571119
571199
565846
565977
567164
567302
571782
578041
570030
572018
569968
568087
564215
566243
566384
565030
562945
564592
562953
559123
563995
562924
565579
563186
568010
554526
560049
567100
565395
562595
563141
567132
565997
561116
563353
565867
564388
563928
565478
565506
559513
561965
565957
562687
562959
559149
560661
563543
560856
561950
562116
563709
564567
561581
554900
560275
564600
559011
561670
559673
564209
567339
563288
565032
559756
557917
562794
555615
564611
566257
563912
563809
561969
562343
561199
561624
564798
563794
558853
562287
565905
559292
564951
560738
565237
561260
560714
561641
565219
561394
563564
561653
560866
562161
564545
560030
557431
557282
561545
564536
558230
559331
558933
562132
564182
571791
571299
563712
561315
562231
560637
563434
562042
561123
559660
559577
560831
560200
565153
562622
561415
560036
559226
563583
557212
562365
561525
561314
562250
563071
560474
559443
564636
554355
559459
559201
559880
563248
556549
562405
556026
559335
559755
559915
561662
563545
557462
557619
563772
560561
563455
562221
758782
458205
567282
561027
559445
561612
556564
561552
556647
561742
561602
559089
554504
560312
557388
558613
562744
557702
556963
559913
559574
559174
559618
558568
557687
559648
558212
560498
560492
554947
559976
556479
562723
560555
561138
559267
559961
555910
559066
558741
560060
560140
560172
559430
561198
558167
557846
555483
559432
557042
557507
558254
563377
562602
561616
558667
559596
560329
559690
560216
564007
557547
561944
562082
559173
563769
558186
561584
551672
555513
558891
555271
561223
565271
560885
560498
570758
564337
565219
553915
557326
560102
560292
556319
562282
558838
558070
563285
559993
558597
558748
560655
560463
556414
561218
556545
561375
555915
557407
559500
562343
563331
561948
558625
559754
561702
557662
560856
559723
557299
559969
559976
559216
558465
556625
560858
562225
561907
562588
561318
560627
561328
559876
559421
563473
556411
558417
561780
558180
564960
572059
571200
562529
568506
569743
571566
574416
566318
564492
566921
566442
567229
561604
565507
562682
563691
565897
560030
565649
562073
567468
565434
564642
564820
565482
565415
565433
565780
564423
569777
569210
567098
570651
554204
567462
567567
566846
566110
562948
563744
562096
562754
564882
560888
562300
563650
560693
568790
557662
563068
563824
561435
563428
564172
562603
563421
562684
565577
563347
565016
562791
562864
563887
568026
566241
566167
569757
564971
562761
566965
561981
556594
559415
561424
565029
567476
565537
564619
568948
566960
569953
569584
563879
562466
562462
567986
567733
561250
564160
564497
561289
562970
562559
560801
559706
560923
561055
562640
565400
558829
564841
564937
560812
563226
565012
564818
559105
567157
569410
562161
565181
564998
562811
566010
565425
564802
562025
563956
562772
564569
566564
564767
562079
563285
564507
560889
561110
563953
561883
757170
293708
564651
563594
559849
561445
561621
561906
562594
563630
562927
568288
563170
561944
565861
563854
562307
567199
559085
568437
562477
558978
556842
564700
560984
561815
564072
562728
561017
561834
559882
562880
560548
562743
558835
558056
557326
564109
562516
561743
563380
557384
557801
557817
558323
559892
560778
559761
555940
557661
564432
558073
561393
559049
561524
558206
563512
559038
556400
557995
555393
559953
561357
561704
558571
560355
560273
560574
561939
563241
565761
562466
560143
560702
557735
558882
557781
570663
563449
564735
561247
555695
558082
560613
560615
559452
555784
556916
565840
562962
558574
559507
563163
555179
561336
556145
566599
560517
556598
563753
558768
558779
561246
562119
556916
562681
561179
557577
555374
559235
557082
560763
554360
558411
561014
557696
558657
557723
558385
558039
556620
562327
557639
560989
556030
557702
561294
556348
558615
555638
554654
556707
548288
557747
562870
560091
560510
560272
558123
558216
560861
560113
558707
556923
555657
556208
559830
558388
562967
567696
654484
568638
565161
556466
564077
555485
557881
561699
560109
560299
560766
558914
557678
559635
554767
560116
559432
564391
561881
562862
565642
564794
560798
562265
560651
561103
560897
559148
557902
560092
561014
559434
560828
558635
561701
556137
561497
561415
557845
560033
558489
560434
556834
559245
559400
561430
557892
559224
561489
562967
561279
559580
562496
560456
560830
560256
558323
556948
555014
563369
557718
563512
554774
558646
562553
565766
565876
569635
566471
561655
563504
560311
560986
562985
560783
561990
555762
564811
556617
562768
560194
560343
564536
561881
560762
564641
555975
555002
562512
559200
564052
561540
559169
562962
561890
561070
562511
563170
559958
562465
557589
565233
559556
557673
557770
567841
554558
559677
561102
783392
569743
559476
559321
555641
560344
561671
561318
560526
562536
560118
561726
559206
564747
565864
558968
563000
562501
559107
566331
562466
557264
560499
557535
560615
559684
559929
559480
561059
560173
556989
556276
562456
559610
560557
560694
563743
556746
560607
560697
561061
560102
563381
556346
565417
560314
560926
567933
561994
564098
560528
559267
559966
567635
560528
560422
552888
554494
560093
559255
560154
553808
560196
558306
560275
560604
558542
561465
557164
557741
559733
561502
560280
559502
559832
561356
557993
565102
559312
561733
560381
561889
560754
559435
561570
563405
561576
556186
560724
562585
553472
558552
559262
563168
557816
562866
560893
560432
557463
559450
552223
555217
558968
560244
559695
556800
560262
558784
559509
562184
560372
562797
558772
559934
567602
554132
554246
559687
559491
561014
558738
562182
557550
556632
560497
561154
558543
560547
753839
423629
562265
561579
553562
561912
553698
559197
556063
557461
560304
556804
561739
558369
560760
557876
556366
555969
560282
558001
560235
560212
562579
557910
558635
555584
557990
557508
563064
556083
559252
558323
560503
553452
559753
558930
559730
557058
560296
559328
559408
555605
556453
563989
561903
555871
560415
555022
561000
558978
560529
559009
560673
565800
565281
564453
558221
558521
554533
559261
561246
554779
559070
558391
561181
558514
573853
574235
563979
562896
565320
560295
560159
561370
563974
560376
562642
560276
565476
558174
562568
562198
556160
562605
558946
558826
561671
561448
560164
561456
561116
560883
563492
562784
562718
562320
561712
562709
559814
564687
558972
564532
559728
563977
554699
560296
561922
566760
558272
562627
560628
558285
562818
560040
559984
560997
562302
562256
561454
559621
564736
565238
556171
558500
557656
563262
563947
551761
568723
560939
581198
561659
561136
556433
561266
556800
563086
556929
558581
560108
560816
560390
562986
560873
562212
564358
564854
558328
614692
536451
559516
560030
560032
556984
561938
558610
560860
559855
564150
552858
555577
558574
569620
560428
563133
558338
557479
560222
559322
555641
562350
561062
559311
559685
566527
566200
564061
559657
564530
559774
554297
555489
554222
556583
560621
557784
559670
559023
559493
558225
559420
556728
559724
558887
557066
556658
561626
561193
555714
558986
558127
558749
559126
561846
557825
561604
562468
560951
558123
562038
562017
554252
562820
555454
556838
558211
562902
556517
562985
568698
557013
573821
564166
566056
560882
566313
560644
560651
562435
563864
569364
562323
566637
563449
566445
558902
558493
563729
556928
558278
561039
562700
561149
560427
560339
562347
561200
558570
563129
562123
562641
560774
560490
563798
560902
562751
557381
563297
555514
559626
558624
564555
560293
559871
560214
558687
566481
557797
563597
561444
562148
562610
563807
560066
558854
558428
563777
556446
557775
564236
558887
557389
561522
561598
562244
561066
559502
559005
562138
558794
561208
559006
552237
556847
561661
557975
561410
560499
559502
560461
556774
556936
558064
562989
563025
563389
562667
562437
565540
565021
565586
557129
558785
557830
560969
560087
555978
560263
558074
560615
558121
558221
559488
556755
556384
558237
560147
559266
558105
558448
558862
561611
560812
560837
555939
559933
558604
565343
558228
553093
561159
563103
560139
564485
560053
559204
559916
562918
556580
564011
556029
560090
559098
559646
560896
558251
558442
556308
561801
558302
558812
558451
562776
559392
560446
555683
556605
561005
558709
559923
559675
558492
564013
557481
558490
555474
553112
556825
560278
562526
559638
557717
558323
557415
562153
559929
561349
752815
527950
560548
554302
555569
557302
572984
550225
557548
561716
559652
559649
557242
563068
558253
559262
562820
561519
557893
556846
559198
560476
564224
554323
561913
558811
558345
557967
558953
552313
561117
557456
558449
559916
558494
561883
557923
562118
558459
555300
559898
557446
560117
554067
559000
560213
558527
561661
556644
560223
553570
553732
559440
561208
557764
560651
557928
559601
561477
558454
553257
558146
559649
560832
557207
557175
557886
559050
556859
555308
561719
561228
557889
559196
556110
561482
558749
562056
555977
562275
559988
558294
555498
558535
560455
558459
558793
559364
561081
558735
555632
558909
556020
556380
563779
556989
558168
556083
556297
560669
559778
558532
556454
554173
557935
557809
560644
557372
560794
557330
560515
562736
563792
561257
560964
555111
559662
557224
559428
557342
559123
561063
557112
555128
559260
562423
556563
555592
749435
322308
562118
547457
558482
561079
563548
558641
557827
559357
556522
558907
554307
562328
556755
558991
556177
561824
559744
566610
561107
557589
557957
556840
557933
562627
559823
564108
558466
565059
564701
563964
564805
557195
563693
560217
559116
560370
559291
558008
560514
555578
557748
560559
562450
558066
560395
560476
555062
561977
557153
558264
555953
557236
558174
558464
562105
557403
561435
554191
560946
558677
564256
557143
558624
563128
563009
558787
556275
559729
561612
559776
556131
556746
558309
552154
558611
555662
561440
558423
559258
553592
561820
558177
558435
557379
558707
560593
558210
561123
556604
557581
557717
561455
560329
560515
563651
556488
555497
564020
556736
557903
559566
557376
560115
558994
564825
559729
563210
559701
559569
560335
560177
558108
557158
561059
556341
561917
557623
558026
558844
555437
561296
558441
558107
560252
552699
559852
558933
559610
560380
560568
560297
559587
548732
561498
563446
564973
560230
557595
565308
558918
557946
562810
561234
559311
559521
556695
558117
555785
558307
560064
575235
571685
562317
560322
559599
562320
567402
562420
567048
557758
557584
563594
559793
561321
560639
559089
559574
558573
560283
558860
559713
560471
557423
560350
556789
562034
558958
557144
557063
558834
557935
560456
554830
558836
558342
573102
552776
557161
558492
562297
561616
561981
558254
560650
563770
564279
565553
565280
557743
565385
562176
557904
563400
557543
561682
554083
562079
554553
556000
559841
558829
562764
557058
562767
561140
556160
559412
551799
560589
563969
559850
559430
558275
556988
561274
553336
563165
555133
561222
560980
562104
556863
560906
556143
554743
560956
557264
555634
557979
560692
558305
558605
562543
559322
559170
559060
560361
560689
562002
561599
559909
561120
559433
559769
557426
561524
555147
560200
557133
557215
561910
555996
559798
556800
558656
562953
567337
553169
493458
559959
559030
559675
560732
563556
564190
560461
557546
555801
559997
553335
560466
563095
563792
561844
562327
721875
574877
557605
561522
560430
559979
559089
556886
558889
562558
556929
555212
562641
558441
559327
560365
561950
560446
560796
557320
560528
556404
561942
556772
561940
555115
564325
558908
563271
556308
559166
559409
565136
564967
559214
562841
564559
559753
560494
559438
559509
556928
560355
556376
560395
554935
559471
556574
559632
562039
556425
559025
560199
562627
555241
556469
558295
556226
558412
556974
560952
561880
563476
558239
561112
556566
563565
557223
557596
557114
562398
561063
561885
561242
558122
560333
556970
555104
560491
549740
558064
561450
557919
560470
560535
560861
551610
559270
558609
559269
558200
558938
560162
560820
560502
559349
558712
557616
558424
561204
559851
559052
558960
560753
562615
560653
569328
564835
558478
558883
552497
558354
563146
558870
556149
561856
556733
560803
557685
561785
561477
560344
558815
560865
560638
560235
562807
557467
566497
551646
561633
556797
558695
566461
566054
567029
569872
562076
561605
561525
563238
558374
562312
562181
559191
557158
561200
556736
562697
561244
560762
560148
560698
558759
554570
560415
554685
555269
556900
560416
560046
560372
560987
568146
556325
562263
561382
560578
561119
558812
558922
556675
559389
555392
557341
560312
559743
558152
558425
560089
559757
555971
561827
558082
562728
560616
562800
555481
558459
561092
558484
561038
559127
562498
560020
564744
558615
562506
562164
560692
558424
561699
558346
560066
561538
559645
561503
559701
560701
555978
560849
555996
560512
560299
556440
560019
556211
557331
559641
555123
558244
558287
559801
560728
557592
560470
558933
555936
556897
562243
560204
563991
557769
561830
558876
564070
560337
557525
550194
557696
562476
559231
559010
556462
562466
559089
561642
550490
564794
559682
558109
560559
561355
558960
558248
563371
558597
548846
557585
560817
557855
555840
560253
564890
561687
557039
565524
558210
556946
560204
558492
563556
556764
560856
556497
561023
557272
559278
553724
559906
556991
558821
558248
559032
560543
558755
560616
554301
558296
562843
559671
555754
558017
560770
564164
556323
560271
559289
552025
559953
555652
562287
559282
559047
559348
562740
559630
560569
560598
560358
560005
559711
556755
561512
559400
556791
559714
557199
559054
558672
557338
561897
560354
557884
564162
559052
560861
559191
563648
557446
556085
560855
555897
562523
561543
560555
554535
563009
561057
557325
556476
554392
560110
557106
557841
559107
554873
556438
559676
556644
560453
558279
558589
558635
560198
558006
559471
558145
556901
561786
559535
559349
561898
561175
560670
558224
554494
555655
569408
564726
562476
555063
557300
559709
556399
561756
559654
564402
562543
564493
562410
568010
567261
585487
566610
565170
563486
564750
561274
562605
564111
559184
565394
567254
554348
563748
559581
563830
559116
560495
564179
563129
560934
561584
559810
560580
561076
563653
562416
566044
563950
567264
561775
563771
563044
560932
563020
562241
563553
558866
558461
560984
562710
562286
561951
561309
558846
561328
562099
552643
561870
563137
558363
556117
557384
558449
556439
562240
558227
553885
561728
557161
557548
561385
558531
561476
560596
561638
574088
549893
556543
560698
558682
558296
567972
565547
566648
563339
563949
560553
559651
561594
556753
562700
561862
565068
558845
564800
560107
561583
559649
562032
565148
559830
566087
564151
563610
560640
564018
561907
564297
559393
562379
563112
564174
557686
558610
564804
556374
560591
563145
561050
559156
560401
560702
752867
465761
557379
556979
557406
562532
562394
561102
562665
557700
559276
556544
559000
562279
557355
561498
557466
561362
561290
563651
561869
566452
562637
563360
562118
556175
558820
559133
560574
559832
560596
557820
560372
558164
557548
557020
560629
560401
559609
559779
562286
557111
560550
555260
564092
558004
558173
554476
560035
560660
561803
563534
566449
564435
563978
564258
561441
560271
557683
560059
558220
562811
560692
558858
564868
558179
556413
560877
556154
558540
557164
560886
558621
558469
564102
557364
557301
556763
558203
563342
565056
556327
559129
556374
560803
555294
556293
562387
559313
561372
554408
560290
558010
561904
563543
562122
564124
562266
560172
561836
558651
558396
563313
553589
561062
558663
561357
559083
562545
560275
557997
561904
558646
562733
560230
561377
559491
561066
557558
562030
559903
559400
564022
562622
558473
559801
557975
560904
753865
393663
562821
557381
560336
562773
559741
561374
556743
558490
560535
558709
558326
559428
559109
559129
560522
556066
560697
557484
558367
560928
558686
560044
557953
564857
555886
559902
556174
558647
560395
561253
560553
560645
559875
558588
564991
558677
564040
553774
558233
557241
558437
557964
562745
552649
556722
559830
560919
559475
563569
559958
562105
556644
562165
559884
562992
562343
561705
566158
560664
562051
559363
559637
560971
559299
558962
558080
556569
560423
557728
560444
561902
560835
554746
557528
558633
553605
563385
560235
560847
555203
558813
560062
559779
558043
563039
558154
555490
561737
565348
565457
557858
558810
563353
558328
562515
559917
562217
557880
562348
556693
560285
555757
560396
557308
561118
557155
563823
564507
557252
562644
554786
562126
561690
570419
562350
563463
562927
560163
556301
555561
560769
561333
562682
558912
563575
556868
754256
458759
559511
559996
555896
561143
559238
561288
556005
558010
565379
560689
562258
559812
559744
560233
559260
560017
786765
566269
558070
562951
562569
562983
558823
560778
558496
561802
562983
563953
564590
567223
560738
563261
559145
560333
564359
557871
557753
559769
562712
561923
558982
560281
559013
560612
562574
556232
561736
559447
559505
558343
561218
560294
560061
561418
556456
563736
561497
562849
558508
566244
562041
556998
561640
556804
557878
561415
561423
559080
561532
563420
558835
556574
558163
561337
558044
557920
563865
556464
562362
559090
558520
557737
561321
558098
558466
557256
557584
558641
558048
561540
560690
556979
554951
560728
559227
563261
560167
562890
560945
563107
556594
557861
560220
556947
559911
561846
555746
561718
561152
561285
563996
558475
560996
559398
561716
557041
559656
561012
559503
562141
555471
563163
559253
563283
560357
560126
568943
756921
561455
562623
560492
563407
559893
558950
556661
560993
556830
554199
561866
560515
559229
557262
558652
555636
567030
559840
565994
818068
569906
559269
556235
561795
560292
563138
563376
559696
560597
555653
560664
559913
560679
558400
558784
560431
559389
557834
560056
560697
561948
558951
559269
558385
559038
559463
560283
558650
554166
561056
559732
557420
555700
557716
560150
560852
559053
561783
560550
553521
561301
557277
562427
558800
558290
556355
558417
555586
561994
556984
561541
557328
562407
556496
554910
562979
556214
557797
568707
562194
560269
563983
560975
563771
565780
558702
565369
555457
558646
560008
561055
559407
558574
562911
560454
557025
561081
559819
559435
561559
557702
556455
557729
557463
565061
553270
554862
558553
556949
556471
558524
557537
560515
557189
560405
561336
559653
557651
566048
560313
561871
562139
557312
559067
558690
563904
554768
556738
559653
550252
561234
556641
558582
555101
560501
561276
561485
559795
556508
559917
562685
563227
565477
556887
560897
559107
564408
578570
568429
558633
562665
570074
562195
560502
556681
562305
560087
559592
559662
557670
560410
560210
558407
561786
563551
561276
558855
561897
562128
559825
556096
557889
558804
561286
560397
563125
561549
560199
562928
562026
560309
559643
560173
560674
558707
561764
557938
562398
557307
557467
561852
559474
558161
560702
558924
558369
559440
557292
562066
558882
558214
561272
560938
556730
558717
561927
559451
558446
556437
560001
557482
562358
560050
558282
562265
562759
561600
560087
559931
557179
564146
554169
558911
555994
557283
560173
559015
560292
558045
558454
560783
558389
562064
555620
555084
556639
556779
559308
558422
554707
560912
560556
563067
554247
559720
557728
557479
562155
557053
558653
558270
556942
561315
557946
555055
555651
571343
548369
563219
554242
755362
285698
566368
557300
562879
557320
560620
557708
560418
556153
557478
557817
559593
563628
557057
558480
561197
565403
562749
562048
557262
560916
559651
559200
556187
560311
557310
560243
555496
557492
563594
559668
562804
557177
558774
559312
556665
553774
562102
555379
555939
559699
556523
560964
557781
556643
559328
558796
554740
562127
551990
556423
556605
559724
561914
564319
555489
558923
561818
562703
554121
560862
555427
561720
554708
561456
556678
556440
561740
556959
559743
558334
559335
558124
558392
560794
558550
549417
556580
562624
561600
557101
557607
558404
558441
558302
558964
556840
559246
565581
562882
562758
562340
561635
559124
560601
554176
561234
557589
559974
560404
559232
560236
559494
565745
557522
559670
560224
563376
557861
562310
560682
557474
560678
558118
561941
558030
558443
562005
559714
555907
558401
560575
557488
560757
563690
558003
558663
747782
353497
561687
561722
561256
557643
558789
559724
560996
560255
552041
557720
557797
555907
559071
561035
559082
557707
563038
563076
560812
557123
561196
555543
562222
558744
561967
561341
560510
560894
557081
557780
559005
560212
553369
559473
561056
554133
557753
556204
559016
559219
559673
560574
558671
555953
557118
558158
555740
559917
558885
559496
558533
558679
560661
560111
560512
557300
559379
561141
558873
559441
556899
557875
561050
561069
557995
562344
558170
552366
557627
556547
559590
560373
560484
557700
554512
555916
556339
558912
558451
559635
562527
566338
565025
568105
559816
561113
558263
559656
558391
560553
558021
561097
556884
562584
557847
557203
556738
559629
552457
553946
554549
557200
559505
556801
556476
555682
554257
561569
554302
561062
558440
558608
556738
559497
554191
562100
553270
561304
558112
557681
559446
560930
556528
557806
557246
556729
752306
388243
561966
556973
560475
558853
556748
556718
560806
558604
560086
555192
560189
555488
558856
557379
559748
556295
556106
570273
560488
558534
562962
556870
557397
557599
558809
556922
558633
562002
558176
562507
557888
559933
559630
555953
558769
552497
558610
561138
555116
559655
557829
560485
558031
560501
555103
557287
556404
560715
558624
556182
559646
559278
561535
558379
561233
559377
557212
557472
558210
559061
560022
560233
562112
560651
559780
553303
558202
558866
559711
557957
559912
560835
555712
561134
557815
559629
557338
558102
561094
553969
560173
560274
562506
562689
561338
564586
558168
558812
556398
558661
561210
556861
570287
554128
555534
558045
558349
556832
556842
554671
558863
560840
554146
558686
557311
556562
558854
556241
554679
557594
562703
556780
555608
559976
559355
559035
562499
554631
556199
556397
561520
556152
561890
557649
557029
560615
748078
360704
561241
557681
558439
560235
555779
563118
563651
561013
561550
560638
559891
553955
560846
555251
560727
556895
563401
545245
559410
555533
564472
557417
554420
557525
559914
561175
559784
561226
560415
562099
558105
566702
558210
562548
563018
556495
559713
556021
559230
560256
558824
559728
559176
556256
556822
560424
559374
560910
559635
559923
559199
560940
563465
557564
560294
561942
562507
555603
562538
559035
557469
556405
558061
558585
558702
557580
558432
560585
564189
559176
561840
558547
561088
559042
561954
557001
558579
555984
560690
555298
560721
559483
565018
561510
563085
558689
558499
560593
559749
558424
556971
557582
562767
556261
557941
554189
559183
556927
558209
562897
559469
557861
559386
565268
557375
562646
556739
560443
555497
563561
556565
558335
556906
558266
561261
561427
560154
559369
563510
554857
559615
559242
563888
559617
559995
564468
751839
289570
557715
556595
553733
559725
556198
559074
560676
559092
557793
556189
558463
557914
561014
560536
557805
563568
559842
562480
557956
559423
560560
562521
558056
557615
559690
563495
559128
563527
556057
559302
557923
560799
557310
557520
555469
556385
555251
560013
555034
557233
562879
562589
555955
558729
556558
555220
556589
558453
560851
562438
557588
558891
560594
561634
563638
556555
559365
560895
558918
560193
558810
560072
554943
559143
554770
553950
557297
561803
558357
559292
555347
558663
556521
558652
560308
554033
558795
557482
565352
561975
560938
562607
563351
559952
557964
557606
557962
557820
556700
559129
555736
558203
555246
557297
558758
557818
557840
557334
561561
557914
555155
555712
560719
556979
558020
554759
560277
558328
557015
557671
558388
557639
556845
560400
554210
556400
557980
558305
558743
556405
557823
558130
559290
561454
558923
559438
749905
393815
561112
559533
557254
557529
557287
558498
559216
558906
558185
564751
558075
562641
560645
558700
557799
561600
558502
566973
818681
562979
563609
555863
558441
559266
554352
557732
555520
559776
561938
559003
561478
561318
557682
559482
557907
563222
557864
560718
557462
561350
556985
562507
556738
564964
562811
557432
560602
560056
560918
557841
562523
555747
558794
555020
560057
556815
562186
557030
557763
555466
555274
559076
562112
562690
557364
560653
557430
558188
561996
559512
561703
553407
563989
559031
555713
559532
556496
559345
562904
560579
560348
560345
559317
558609
559269
562231
557697
558600
560877
557061
560432
553437
559528
557589
552041
556799
558082
558507
558247
558323
553751
558025
554629
559344
557204
557083
559528
557428
555204
557912
557564
557372
564402
560534
557584
562499
557636
563562
558760
561928
559566
560773
554970
562008
554951
560782
559605
559702
567929
559040
549610
560713
559574
557482
558210
556148
559895
554852
556220
557724
560589
551710
555461
555774
561821
555493
554063
558005
556753
555932
557923
556556
563669
555104
561923
556661
555015
559610
553339
557665
562150
562060
554687
558117
556723
558247
559227
557631
559717
554318
557302
559535
555977
557005
559191
560055
560089
561758
561756
561910
564971
562958
561340
562135
564071
565249
562625
563025
559657
559959
557605
561902
560280
561483
559650
556035
561581
557726
562427
561466
563697
554468
565302
561662
560360
558978
560753
557178
561914
559472
560000
558662
558598
562102
556597
561343
560594
560436
561102
566584
563369
564790
562035
563308
558854
558683
552501
557562
559348
555117
556861
559443
558675
558533
556866
562088
563010
555495
557316
556188
556900
565517
554300
554032
558578
558248
562953
555818
558180
557795
557279
562402
557802
559536
557932
560000
557666
561267
551731
758406
561676
564129
561312
559539
557711
561749
559301
557034
557095
561196
554608
555524
558567
557993
559642
557595
559786
554255
554452
556093
547848
556722
554174
553475
557574
554088
556476
558681
554629
559846
555820
559993
555158
558794
560515
556962
560070
562309
555944
561896
555401
559772
562686
561603
559655
560579
559210
559636
558145
556997
563439
562180
558200
562494
558690
561059
559411
560151
563763
555009
559084
558069
557682
561318
557634
555876
558128
557082
554508
557244
555739
560819
561943
563222
563761
556379
558393
557910
558854
560035
555371
559897
555130
554309
555698
557769
554594
557516
555655
556686
559013
562059
553405
559087
555925
554726
558482
556736
561358
559217
561669
559819
557881
559692
558279
559153
559210
557498
559627
561797
558940
560480
553775
559720
555517
562061
554674
557701
560172
558908
558362
562263
560114
555441
558915
559021
557541
557261
552856
752217
454616
559700
559863
562504
556990
559946
564162
563301
564090
560123
555294
562343
554085
555946
560529
554212
562159
557286
557036
554315
562666
556882
561827
562965
556179
560435
556674
554714
559791
558843
552750
558828
558742
554910
558948
559114
558408
555600
559361
556655
562017
557265
558016
558360
559899
562239
559948
559219
560333
560364
559817
557476
560470
561053
560994
561143
557918
559340
556942
557611
555383
554491
561160
558696
558288
558874
561404
558923
564153
556584
556282
553683
557497
565191
565055
563381
561707
562576
559789
559051
553483
559712
555674
560712
555097
558037
555636
558769
559210
560345
559246
557814
557343
560936
555912
558558
558282
559770
557794
557763
557520
558421
559113
560256
560056
559055
556416
560372
558648
562863
558430
559682
554519
560759
562745
560035
556638
559247
555389
556577
559812
556593
561020
556592
573095
557930
556437
559064
555697
753858
319666
555158
558283
557079
562322
554979
562878
556056
559641
557485
560222
554431
559096
555733
557446
558706
555725
556670
564503
558080
556784
557170
559729
561729
558567
561125
562126
561101
556861
557819
554553
558823
555775
557988
561881
558569
558970
557719
557821
557344
558123
558433
555947
559166
557797
559000
560560
557785
559002
557284
557337
563322
558646
557413
557772
562831
559164
558830
553855
553605
560719
559324
559556
556193
561455
557972
560189
559592
554651
559291
557515
558886
557546
559118
560641
559167
556600
561720
558006
560097
557626
560050
556534
560097
556707
559395
559512
554791
563913
562986
559300
562812
560073
555156
556057
557472
556528
559625
558587
558266
556129
558446
563206
552666
562639
555519
559714
556397
562405
556180
557287
557118
559152
558451
558262
557879
559206
560317
560544
556348
563995
561468
563306
560554
561713
557095
560311
749200
394065
561789
557680
561856
558147
556471
557984
558470
557120
557278
558052
556013
561900
553000
556436
560620
557974
562650
560449
557752
561566
561017
561394
554517
558996
561938
556192
564035
559213
556014
556763
560524
559424
557398
558608
559406
558189
555977
560789
559282
562082
553680
559571
557898
557147
561458
560610
558410
560246
559771
558726
564259
547805
558362
560933
556975
560678
558171
560638
558660
561067
557082
561029
558265
555444
555594
559657
558379
562321
555656
550634
563297
554856
558732
560876
555660
558166
558125
559512
558988
557490
557834
559147
556963
559117
560336
559513
556761
559390
557926
557611
556933
559451
556977
559820
558261
559247
561424
561876
557398
556282
563649
561163
559872
562557
556348
559292
559830
561174
557872
561862
551312
561218
554207
560678
561459
558935
562248
555251
557005
556789
559509
559317
559277
558160
561753
557065
746799
393167
560019
560443
563466
563210
562160
560703
559850
557693
558125
557902
556860
558204
561468
558306
559005
557736
555894
562688
563044
556802
560876
556473
558133
557909
563026
557568
559634
556266
559767
557666
562148
561234
561642
555815
559282
555891
560168
559194
558414
560241
555559
561001
555958
557484
559962
561302
559606
560451
554186
559113
556374
557191
558632
560152
565716
558353
559634
559077
557656
555299
559642
562214
561392
558116
558144
559070
558811
558181
559710
554056
561138
556841
558932
563138
560097
562302
557194
565843
558182
557547
560015
559768
558000
557178
557618
558290
556805
556840
556794
560727
559066
561734
556554
556104
559410
557179
558487
558418
559068
558754
561458
560419
558005
560684
559086
556759
561461
558567
558022
559474
556903
557923
556423
564326
557479
560112
555951
560737
556676
556263
561888
558355
559868
558569
557912
558087
754625
385809
561892
560462
560798
563441
562107
564380
561295
559972
561682
558636
558386
558923
558848
555987
561323
558467
560553
539860
560377
560106
555262
560240
555873
556919
558420
559903
559302
556957
558846
559957
557075
558331
559622
560600
557608
562846
555212
560121
559513
559331
560892
560574
559447
557871
558270
559712
561508
557805
557158
557497
563091
561641
559865
559005
555415
559890
557231
558459
556527
558204
558128
562235
556626
560230
558958
559730
561204
554595
558281
557302
559031
560865
560189
557631
563333
558606
558831
556759
561515
560870
558746
556609
560055
558785
559594
560095
558014
561830
557803
558487
557543
554571
557875
561010
555705
559148
554471
559530
557165
559798
563329
562915
561933
557983
556620
556583
558404
557573
557894
557827
559935
560912
555820
559892
556764
557991
558894
561333
552745
555152
557171
556340
559912
556361
559441
556437
744610
423520
560959
562643
560953
560137
564812
559205
561903
557804
558147
557303
553692
556503
558464
554679
559934
557605
559346
567250
560444
562433
557522
557348
558171
556649
560657
561114
560076
558485
553034
560659
556903
559191
556858
558764
558833
563530
555686
563866
555639
561058
558454
562964
561088
557617
558700
558595
553089
562358
561434
557421
560550
558749
559636
558988
562607
557407
558200
556336
558841
557332
559133
560276
558718
560953
555318
561524
555959
555357
558896
549476
561206
557923
558932
556551
557810
558567
558523
561420
560020
561121
561847
553555
561160
555887
566943
561543
566883
564005
560659
555552
560686
559315
558984
560510
561297
558923
562390
557787
559293
562623
559720
561636
560805
562861
563166
562906
561768
563458
560072
557709
562065
559057
554446
560814
558843
560471
562003
561004
562112
562820
564164
559130
560822
560839
563005
557354
757619
292294
561974
560518
560288
560827
559830
563246
564215
565811
562845
563481
560461
560087
554674
556374
553822
558365
557067
558127
557285
559693
558887
558382
561938
557026
562466
560928
554371
555734
554695
557808
560625
559593
557238
559262
560007
558842
564047
560594
558829
562382
563933
560107
565564
558703
559839
562731
557263
564953
562993
557215
564648
557494
563825
557357
564046
556803
558250
560470
560953
560865
554605
559123
560824
560724
558917
563935
562042
559656
558912
560824
560868
554730
557015
561760
562923
558841
559794
559092
555961
561259
557384
555738
559110
559671
560761
559497
561670
558922
560629
559533
559463
564727
556830
561635
555051
555586
559307
554077
559567
560600
557949
557479
556882
561781
559092
559905
558682
558241
557853
556322
558309
555515
556015
557004
560366
559551
556727
563547
560859
562573
559207
562923
560037
558776
557671
559288
751292
324091
560083
561065
555051
559907
560194
556694
554448
555023
563264
558285
559928
562282
559305
560313
564256
560894
560674
567295
821358
559556
557188
562158
554452
561276
555451
557127
557949
557908
558211
556133
557202
557593
558594
561596
556292
559688
556389
559369
557333
559521
555598
559894
563081
559871
558820
556774
553989
561306
556179
556739
561066
558671
558172
559558
554882
557317
558008
560097
554953
558566
558787
556015
560209
553682
557014
556276
558286
556485
556230
554493
556719
556980
556783
558048
558571
558225
555803
558685
556232
558155
561348
559049
558389
557176
554739
558230
556854
557838
556839
557151
552143
555506
559502
559492
558021
560006
557455
553445
557781
555473
553443
560420
556331
557504
556558
558304
553748
553769
557784
556374
558025
556669
555658
555626
555646
559877
565694
558646
564315
560513
563449
563087
561087
557974
563187
559065
554945
554727
555695
560475
560888
559699
560142
752478
559813
557800
556213
557594
559061
557800
558555
562486
559548
558435
553585
559109
562270
560169
559325
562475
560754
557720
569948
565188
556520
560169
560190
559656
554535
559772
563990
561561
557259
562023
559423
561970
558429
557423
558522
557816
557207
556615
556398
557184
557940
563103
556784
564151
564776
564573
563264
553902
559169
560789
562538
553665
556730
561278
558630
556466
557789
556804
557768
557489
558487
555581
562820
558026
558864
555190
555869
558247
555015
557440
554789
562303
553544
558504
558324
555138
557189
557833
560089
559252
559471
559882
556538
562880
558930
558307
556749
558460
555125
557557
557518
558622
559189
554692
560647
553569
564437
558528
558517
555491
556331
556959
553707
555736
560153
550133
558624
559100
558419
555266
558314
559041
555523
560774
556421
557971
558892
558311
558364
558843
555000
562873
555795
562725
561468
557577
559235
754200
425245
560713
560392
555548
560035
554526
559512
555778
559641
554350
558152
557020
576855
556203
559487
557195
558109
558078
565665
825532
564421
559007
562444
554948
555646
557574
556577
560128
560091
562901
553589
555912
556345
556824
559661
556561
558478
559630
560702
556771
556759
554171
558581
558371
558717
559843
557814
556214
560163
557615
559287
555735
558471
558850
560443
561356
557753
558205
559892
558652
557145
561093
553147
560120
555000
558593
556921
554446
561281
553421
557654
559377
556538
560342
557657
555280
556215
559665
556568
561317
557964
553675
560271
557862
558899
559006
560314
556657
561960
557269
560572
557230
558980
558303
555556
560860
558823
558220
561345
559246
557621
559207
556199
556205
559890
559138
554280
556968
553790
555356
556628
558067
555989
554954
560218
557143
556296
556540
559648
558905
556559
557861
555033
571118
547339
553923
560798
558734
558157
551075
556938
13266
8308
9887
8087
35983
8013
7650
8091
8555
8075
7759
7656
8388
7710
7857
7857
8809
8860
7783
8802
7294
8290
7906
8403
8094
7704
8343
9735
7464
7398
7810
8310
8790
20908
8866
7505
22784
8276
8083
8520
8539
8238
8490
7855
8653
7923
8283
7808
8849
8189
7712
8362
19438
7623
7453
7920
8111
9084
7872
9071
8052
8225
8610
11461
8670
7562
17042
8534
7333
8130
8162
9053
8688
8541
9060
7506
7405
7550
9094
8730
8032
8283
8845
8643
8893
8086
8256
7832
7497
7896
8641
9149
7317
7857
7395
8735
8869
9691
9303
7915
7377
7297
8369
8710
7835
20188
8733
8975
7917
8503
7575
8657
8875
8510
7526
22454
8702
8651
8811
8132
8985
8145
7286
8917
7772
8574
7847
11643
7552
7469
7794
7630
9125
7864
8709
7717
8143
7849
7562
9158
7393
8725
7606
7343
9246
8530
8558
8423
8852
7567
7889
9328
8830
8532
8319
7832
7587
16676
8950
7496
8963
7674
8953
7689
8556
8350
7779
9027
10141
7510
7465
7853
9333
10123
7922
9387
8583
7620
7980
9219
7699
8755
7471
8385
7712
7153
7640
7673
9055
7530
8171
25454
9257
8339
9154
8927
7538
8606
7793
7723
9033
9642
9346
9155
7133
7810
8102
7354
8025
8307
7449
8182
8440
8565
8020
7538
9020
7625
23324
8777
7576
8594
7586
8615
7599
19215
8856
7758
8558
8403
8615
7582
15243
8550
8723
8110
-------------------------------------

