EAL: Detected CPU lcores: 20
EAL: Detected NUMA nodes: 1
EAL: Detected shared linkage of DPDK
EAL: Multi-process socket /var/run/dpdk/rte/mp_socket
EAL: Selected IOVA mode 'VA'
EAL: Probe PCI driver: mlx5_pci (15b3:1015) device: 0000:03:00.1 (socket 0)
TELEMETRY: No legacy callbacks, legacy socket not created
Count core: 1
Number of queues: 1
Connecting to port 0 with 1 queues
ip: 192.168.1.1
server port is 8080
Expect the server to change the location of timestamp by 20 bytes
sending ARP requests
mac address for server 192.168.1.1 received: 9c:dc:71:5e:f:41
ARP requests finished
-------------------------------------
554520
553017
553737
559812
552408
558958
560843
560863
558774
559029
562527
557861
557764
559929
559588
558205
557047
555574
559216
558835
559176
558644
559417
568910
562252
557278
556565
559089
557820
558389
562386
560174
563477
555742
558078
560970
553539
553964
558989
555745
559769
556897
558838
559266
562630
553331
559864
567004
555251
557564
559198
558441
558527
561637
557364
558398
558105
559851
559895
559342
558171
561523
558343
556856
560853
550895
561241
559896
556077
558068
557422
557344
562377
559810
553625
558869
550008
554907
558071
552681
558860
559335
562042
558805
557914
553638
556559
556407
559894
555498
553313
560745
552316
559436
558188
560444
554117
558302
557164
561271
556674
556588
550615
556937
557645
558569
551778
557560
556013
747343
556420
555478
557923
553242
557189
559653
557980
558698
560374
553476
555618
556141
556016
557241
556801
558230
556997
557112
569062
560718
557878
554049
558951
559320
556586
557245
557294
558475
560254
559610
560965
558046
557723
554800
558548
558772
553748
552892
558905
559830
557321
555893
558249
560373
554745
557454
556201
560294
558157
557193
558415
554735
558045
557575
556236
557379
557486
556652
555271
556990
555157
557764
563504
565584
562413
554568
556261
555712
561423
558458
558558
553631
560858
557015
556579
559344
555462
559252
555954
556056
557802
561203
563844
561340
558195
555815
561159
559992
558625
561190
554199
559451
553901
554627
557960
555464
557141
556812
558994
561236
564385
559481
563468
567010
564574
568254
566641
563958
564629
558194
559196
561061
560880
560820
560310
560088
561543
562389
563084
557799
559134
563528
555982
557317
558749
563148
560445
558067
560432
560471
560605
557064
559090
554078
559307
560624
752545
560066
559697
557319
557820
562504
562008
559913
557820
556165
553906
558000
554392
556011
556034
555456
558847
558065
557059
558304
559954
559619
825950
559553
557451
558179
557286
560491
553676
560889
557785
558653
556517
556817
552255
555216
559938
553262
558830
556602
562815
557836
559198
553641
558983
559600
559430
556153
568910
557639
558781
561478
562855
561803
560732
559663
557925
558230
556958
559894
556771
560974
563649
557917
559036
548082
556657
557627
558707
557112
556982
559574
558517
555550
561428
556580
554367
558264
554926
555934
560452
550008
553995
559427
558998
553534
555974
555554
555372
560606
556622
556416
554202
561158
557087
561528
555622
556420
555953
557521
558903
560179
559531
550607
555625
555435
561684
550993
558188
557776
556874
561254
556686
557340
554564
559883
553557
557900
561842
552352
558550
557728
557076
556062
555933
555919
557236
555599
555501
559015
556922
555776
559941
557404
558811
557359
562880
562256
558478
751727
556749
561153
559454
556119
560737
559538
559936
560177
560779
560533
556594
558199
558612
556795
562446
553747
555716
555287
557643
550755
556464
555994
558500
555540
557015
560697
558626
555084
552343
555006
552064
559693
559157
559335
557020
556504
559121
557390
564395
553338
554433
553800
560171
558730
556072
559478
560469
557016
554840
555966
556786
558768
559594
558004
556040
557835
559712
555348
560905
555072
557907
556164
556260
556503
555514
557411
559905
555101
552879
559255
552656
556763
558220
555120
552930
560703
555139
553460
561245
554456
558605
559682
556930
561530
556985
557639
557564
557881
556440
563172
554913
562390
553046
557385
560560
558063
558748
560346
557178
555833
549715
559195
558081
558556
555401
558108
555486
562279
562267
570578
560713
559427
562772
559532
560140
558937
557766
559778
561295
558304
560093
560859
556599
562726
558264
551983
558028
557235
559231
559692
555923
753557
392372
562325
556867
561102
560300
554064
560364
563107
562432
563327
565123
558667
563070
562447
557841
554179
567025
557745
557161
555022
558282
557603
554589
559528
562926
551525
551933
557729
561156
560697
557812
558009
557998
559287
561227
558621
561264
557227
558856
560810
557703
558044
562229
550496
562176
561224
558098
558712
559944
555716
557968
558580
558434
556925
556421
559334
559701
556579
558810
559673
560719
557635
561725
560107
555916
559308
558174
556725
557030
557692
558204
558842
558578
560066
562354
556595
560071
554553
555249
556797
558341
557181
559805
552564
561085
554100
557229
556742
559026
557744
563016
555320
555699
558479
559439
556328
559773
557844
556650
558758
556264
556069
555518
558796
560181
558134
553883
559527
558954
552448
555550
556812
555405
555264
556400
556136
557612
558255
559111
558432
552697
558262
558646
557415
557381
557849
556848
568551
559791
557162
557394
747150
285355
562024
559109
557065
559085
559456
561701
557959
560689
556344
560276
557128
559887
550272
558443
560303
555486
554758
559484
557217
553721
555811
557512
551828
553958
559173
556226
556958
560958
554106
555052
559126
556519
556331
557939
558156
559847
559299
553509
554589
553967
555325
557832
556834
556233
555625
559892
559018
559101
554590
555638
555431
556783
555860
560466
559045
559846
556711
557360
561516
556551
561789
557466
556775
556456
559080
557243
556787
555302
555929
555233
559802
557551
561605
558761
558060
554367
556474
559134
557477
561181
555777
560383
554298
555030
555056
560758
558869
555434
557874
560852
558817
562535
556882
563725
551978
556418
558197
554992
558718
557435
557196
560035
557840
558671
556302
557712
556676
557943
555553
556988
556661
557088
562542
563445
556784
564239
555538
556626
554625
555460
559432
553991
560193
559071
559687
559345
558666
560707
558123
556912
560814
558948
559365
562038
555505
559217
556838
749646
552630
556797
551666
556033
558214
554529
557293
555755
558207
554002
558636
561286
559301
560515
562743
556630
555415
558367
564864
556184
556784
555051
551796
557988
559569
557341
555076
556153
566301
559387
554931
555261
552519
555332
556346
558041
558466
560901
554844
557614
561067
556364
560998
559287
554205
556880
556557
558098
554356
555525
557600
558010
553899
559922
562782
553898
562353
556965
561148
551054
555863
556257
559970
561177
560636
565466
558005
562579
560739
556140
555683
556904
560291
556765
557469
560916
555698
557307
555660
555003
560976
557936
560083
555170
557342
562221
558763
558050
559010
559797
557109
558979
561533
559677
561953
560773
558143
555413
554108
556246
557097
555991
556900
558470
557122
560310
560180
558687
556113
560373
556981
560881
556520
554300
557745
560007
554444
560973
556404
556049
556441
555306
556758
555051
559576
559293
558646
558447
555136
556331
559429
557128
556441
744748
289703
560368
556752
553501
556130
558357
557946
559687
554985
561432
559397
560616
561717
562213
554631
555144
553878
859039
563415
559527
553104
560727
558585
557759
562833
556668
555548
559446
556303
559687
559242
559773
562544
557328
559269
556860
555341
556558
556978
557297
553072
554826
561803
551800
558942
563567
555532
556774
555437
558706
556273
554419
560220
563040
553927
559382
561616
554974
557878
553652
560231
557137
559926
558856
559616
558828
557238
553766
553770
560091
554628
555953
558241
556343
558206
560017
555660
556731
557126
553248
551589
560595
556919
559239
558859
556360
555291
557841
555945
556510
557902
557194
559162
559237
568358
562414
559458
553315
559290
556779
552742
558012
554743
559476
558507
555779
560345
557920
561343
559326
557403
557522
557646
571723
561596
554667
554646
560528
558007
559051
564731
558280
555812
559205
559880
556175
559074
554953
554394
557604
554000
555545
557682
548817
752288
560516
552692
558515
556090
557366
554075
555001
555851
556017
554794
555283
559030
557850
561040
556641
555174
558953
557206
557002
560083
555765
556957
556788
562810
555776
558241
560176
561316
555263
556533
559567
556247
575282
559087
559155
562157
559161
560712
558221
556605
557546
556441
559570
561175
555051
556890
553881
553384
559320
555630
560601
560909
557523
555647
561669
554810
554451
559792
558003
556532
559511
558334
555006
561149
558289
564228
560013
560234
562532
561701
560717
561148
559016
556297
561188
555287
561353
561661
557454
562687
559536
559570
562837
558959
561676
560174
559032
555531
553328
561116
556866
558707
560697
559468
559442
558079
557369
560130
559005
556674
557632
557836
557531
551235
561699
551934
555975
558666
558098
556707
556437
563305
562127
558207
560170
560397
557643
557668
559934
558369
558604
558545
558132
552235
557920
554539
560374
558141
560726
754801
518400
556757
559215
556195
556898
556914
557381
557863
557984
558448
549661
554218
555658
559217
552834
555735
559109
552292
556246
560513
554066
554931
552733
558697
558542
555638
554491
555021
556045
558175
557072
556194
558349
560148
555074
557845
558451
559786
556517
557942
556759
556355
557916
556637
559957
560239
554570
559353
558707
556306
562984
557600
558586
557846
554998
550476
557533
556944
556660
562502
556593
562705
559982
553184
557180
560817
556651
557047
563965
558410
556114
558512
559531
560923
555772
555671
558928
555364
553347
557116
555876
553928
553312
560836
554730
558740
557843
558210
555757
556829
553476
555524
558213
550898
557243
555583
553942
557439
557214
558193
557126
560576
558659
557389
559442
555906
555340
558015
556629
557482
556879
556598
559360
553755
558284
558867
560619
561921
558193
560110
557888
563227
555602
562218
555762
556063
555961
559996
553974
745354
551466
556906
558512
559224
553895
558517
556427
556431
554601
553244
551051
559435
552891
558868
556939
558430
556329
846616
574232
557944
558333
557825
556415
558625
556751
554746
556673
554761
556970
556630
558470
558553
556996
558035
555090
557394
558558
553567
557241
556839
557780
558315
563046
555639
560938
560543
555358
559874
557273
553793
555216
557646
559774
553194
555488
560663
564172
563381
555061
559309
557824
558803
558882
562312
558298
555989
560771
554330
557161
556564
559883
557155
560218
553147
559441
552994
555838
555705
558022
558024
559523
557461
556651
556092
555051
558982
552641
557423
553965
558875
558273
557641
559597
560089
557535
559695
561321
558144
558054
560875
557719
554612
559846
557216
552957
560818
557485
554441
557491
553227
554569
551547
558132
555056
558312
558706
560547
558435
557598
555619
556376
555232
556251
557235
554102
556142
556557
558547
556514
557696
557409
561543
558174
547156
489284
554694
555982
558992
559194
557051
557277
559343
553135
556897
557161
551944
556423
553878
554959
555752
557734
551128
555151
554967
555512
561513
555123
558979
557553
558195
559317
557683
560496
559328
558066
554248
561096
559184
556586
558653
561102
558150
556008
558830
559489
559770
558007
557251
559391
559887
560305
552323
558484
558457
557600
559981
559694
554809
557911
559826
560512
555315
554970
558761
557236
559160
554683
558522
558823
560811
563697
564122
558715
558619
561210
558073
557264
556344
561477
551174
560228
556236
551938
556442
556637
560503
555600
554256
558599
558929
555051
555234
557824
553105
556276
555280
557322
557256
555328
561579
555790
547922
555674
557397
557475
555946
557869
558104
559751
556803
563675
557603
560571
555978
558755
567313
563547
566162
559492
563425
561438
563639
559221
562236
560362
557870
561332
555838
558143
561506
562597
562901
557295
578574
260879
558388
556195
555285
558078
555715
559478
556651
562506
558604
559084
555950
558505
557392
555215
555622
558523
819394
560465
560395
559575
560558
553456
555741
560708
556765
554594
559476
556897
556887
558056
557795
558112
556211
557285
552648
557078
556210
557301
555558
559849
557182
557301
554468
554239
560769
552052
554676
554651
556980
569230
558584
554127
557227
558007
556999
554261
557969
557055
559251
553352
554130
558446
560365
551948
557697
558756
556350
558266
555729
556471
555317
557921
558851
560324
558013
559994
559207
552035
556601
556052
557624
557145
555180
556415
556807
556041
553808
557033
558239
553476
555358
555159
554902
558017
554156
557131
559289
551730
555085
557343
559709
557966
555849
555702
558656
554135
561901
552138
556611
558199
557938
563999
552666
559585
560394
562545
554571
572519
557747
556024
560711
559464
558045
560802
559684
555842
555523
558235
560902
564846
559927
555738
567122
559703
557472
744726
559574
561780
553907
557244
559010
557939
554913
557453
552661
557386
556605
560335
557876
555677
558740
555821
554335
557548
556172
560379
557353
559480
559204
558412
554910
552883
560939
552843
560638
560260
557307
558788
560252
557191
559954
555210
557471
565788
571276
573061
574536
572966
569650
568343
570747
570849
570820
565012
568515
568610
569758
569797
570677
565096
559009
568084
562535
567858
561007
567353
564584
560819
564184
567411
564413
563285
564952
562468
561082
565821
563410
561389
564382
563140
563926
563820
558658
562084
566459
563323
565811
564610
556147
562086
562628
560358
564735
559512
556735
564667
561784
559383
563247
564743
561220
558666
564051
562302
564692
559210
559490
562593
561527
559697
561195
557547
559245
559987
556872
559252
561687
559241
560072
558138
563232
557094
556961
553745
557984
560345
561753
554576
554936
562123
553726
555877
560977
555553
554815
553978
558217
564471
754072
563246
561798
559834
561144
559429
562323
561438
557597
557683
562265
554706
558992
557421
558103
560584
556574
559671
559448
567181
563067
559946
560838
558845
558123
558615
556647
559682
561261
559772
561662
559066
555156
556401
559800
561438
559462
555602
558006
559566
561466
555257
556592
560276
560745
558780
556470
560199
559997
558923
559489
556923
555675
557336
560123
560009
560962
559853
556545
556798
550181
561189
556924
556832
558553
551984
559878
555681
555092
558888
557393
556509
555764
554581
557482
554677
552682
558474
557955
555400
556986
557538
556683
555114
553286
560615
549955
556066
556763
556336
554187
557038
558436
555897
557154
560991
557528
554169
558166
556618
557574
557583
557067
556266
561343
552856
559311
564942
561296
565707
552902
558395
555274
555581
558862
559088
556132
559831
560369
560736
554378
556177
561300
555356
558405
553688
556554
558659
751961
557771
556942
557703
553598
556460
556916
559169
567132
558256
556957
557620
554130
557554
560820
556272
557342
557350
559600
568664
557421
561079
557559
562664
559159
557870
558020
558256
557372
559117
560717
556053
554475
558705
554265
562300
556815
556620
553018
556381
554734
558861
551725
555451
555418
562914
551293
554794
569994
560218
556000
556374
560632
554745
556306
559296
557482
559428
557824
557333
557367
558343
555257
555617
555170
559302
556246
559363
556104
555188
551767
559546
557984
558217
558357
555840
555256
565900
558353
558441
560696
558943
559092
560394
556785
563287
552344
559173
560928
555510
558493
560062
555684
560650
554001
560104
557949
564605
558213
557215
555950
560523
558119
556753
560574
556736
559064
557417
559646
557051
557653
557347
557242
561437
556072
555114
559394
554105
553907
559670
556830
557209
560314
569027
-------------------------------------

