EAL: Detected CPU lcores: 20
EAL: Detected NUMA nodes: 1
EAL: Detected shared linkage of DPDK
EAL: Multi-process socket /var/run/dpdk/rte/mp_socket
EAL: Selected IOVA mode 'PA'
EAL: VFIO support initialized
EAL: Probe PCI driver: mlx5_pci (15b3:1015) device: 0000:03:00.1 (socket 0)
TELEMETRY: No legacy callbacks, legacy socket not created
Count core: 1
Number of queues: 1
Connecting to port 0 with 1 queues
ip: 192.168.1.1
server port is 8080
Expect the server to change the location of timestamp by 20 bytes
sending ARP requests
mac address for server 192.168.1.1 received: 9c:dc:71:5b:42:81
ARP requests finished
-------------------------------------
569395
587451
573924
576589
580200
576806
569379
568692
580505
574182
567742
564599
569382
572140
570510
575752
572264
580150
572800
569017
573543
580103
568348
573653
576180
567772
426674
577928
574614
570597
571317
578487
576411
574731
572200
572277
572013
570232
558475
576402
570958
574863
563260
563412
554238
565928
564843
557389
560183
567553
564836
527014
560426
561595
568004
564333
560323
560018
561717
570076
556458
564793
565505
560030
559133
562507
565712
560420
567003
567891
558707
559168
562778
556123
567609
563441
561674
564913
564443
555559
563310
564030
562259
565796
565714
564807
561667
562312
579591
562915
571044
568506
570901
565938
570758
566022
564594
555945
567976
566382
563720
571359
567575
570799
567466
572242
563269
565416
562803
567936
571746
569651
565342
572656
567604
567689
568332
570000
577390
563865
567462
566150
569753
563532
561374
568270
571558
566905
561085
562238
556296
564261
567083
565357
567010
560132
564707
567882
560554
570179
570074
571347
565110
567076
570252
572194
566671
564530
568553
572233
570082
566608
573043
567318
575953
567644
575359
572415
573903
563214
566286
571123
563476
568066
568726
568501
570496
562871
492295
567451
567161
568166
559849
571805
568030
564053
570520
574179
568473
567676
566962
568837
567233
575410
563497
768984
579071
571421
565113
573842
574973
568044
567505
568411
566673
564394
574683
572025
572185
537657
575147
562810
562367
574816
567268
568559
566320
569536
574800
569773
569110
567258
567984
572020
566193
577026
569492
584708
570015
563607
567061
571642
567585
570374
567361
570227
580909
648451
571660
576266
576717
573263
578204
570450
577092
572980
577749
573581
570336
567486
579199
573025
575381
578647
574819
577009
565957
573620
569852
576285
570147
555976
577617
567806
580401
570920
574039
575279
573232
570562
574800
575445
571344
568831
577993
573146
578700
576082
575605
574526
573114
578229
572442
582508
570200
574999
573831
573050
576564
571986
576000
567101
564276
589592
576207
576981
568288
577525
573622
574966
572384
541914
565491
576942
582897
566468
571653
573917
576668
568714
573310
570757
575640
598059
573426
573734
555155
563410
570376
579016
572038
580782
579000
584738
575649
573754
568374
573117
572169
269357
567612
571613
565000
265247
580085
573953
581156
569627
579358
469501
573004
570795
575261
558455
570279
578897
568494
-------------------------------------

