8209 29562
15318 24705
9783 44049
53292 11084
63267 24352
50657 53312
18805 34369
1032 25176
34100 16676
8522 50266
14983 4375
52803 50281
64569 20446
5589 4538
274 62047
60807 33655
62668 40326
32140 59723
6654 3756
4367 32064
63923 22128
29070 9341
30143 53201
35268 18665
53108 13376
47751 36779
46083 21304
20460 51743
6843 7363
10525 58438
36110 43368
4380 9177
39356 609
20941 8061
42013 7417
55790 58864
10744 54037
49461 48218
63495 7454
61382 62709
31483 60532
42184 34073
13748 43156
38170 56411
60724 53848
4442 52513
27445 17948
12593 15490
23449 60178
36914 39640
37367 64677
42371 43607
47541 34573
12953 26319
23213 41618
45452 58738
43420 14944
7262 31998
55374 56854
25339 49327
58352 40951
60118 31195
53586 50273
33285 32374
42217 37729
26919 58826
3782 24227
8987 44049
12304 4684
61611 6305
22223 7231
12942 45624
16732 12591
18774 14438
21414 42462
49970 47566
40466 46598
43047 41858
61262 40276
42301 60988
16448 62631
41271 21686
49008 611
18212 31843
13031 14437
33677 43715
22359 20596
41455 1398
29382 5123
19259 5135
57135 47282
13984 44334
15935 3475
31718 54748
28376 16439
52147 43286
30154 37062
10337 21683
25285 18085
35866 47891
41731 2581
49234 55703
36105 35251
35904 28575
18625 29584
20263 33027
44954 18654
24293 18546
21109 10885
15041 2704
3621 23340
20380 60366
31379 5917
51935 65263
49756 3730
56992 39529
53843 56978
22775 30960
11975 5258
36614 9324
35118 48040
9998 60362
57955 51851
40805 27329
26311 56112
24763 37183
50581 47115
100 62058
11659 32939
12232 56742
541 43738
31037 58300
49237 15307
31653 50981
17522 37506
3963 49958
6431 3321
8076 41347
55546 4843
20710 56362
26258 34185
19535 2327
30515 3965
39067 3160
60107 41596
27023 63928
30577 16317
34438 54950
55603 27348
62571 10804
52947 33734
57760 32270
12097 44127
917 13140
25144 39607
20906 57643
60719 63682
52272 59526
33133 16685
60366 64755
2994 13689
46632 36653
51706 28884
27257 5965
61290 22874
1814 20934
20757 52326
4736 39826
17954 17978
39036 23402
58923 42746
50954 43605
20619 17680
8772 17327
63994 26376
52255 45934
21747 17314
64218 43510
18271 56219
3936 29772
15091 61093
10053 60132
12417 12255
4981 64856
24503 10281
34023 62096
57790 55770
23026 20947
5620 39111
16314 2405
9739 61494
7455 59802
36249 45702
6063 65227
21118 40428
46450 28882
53594 57690
8537 31567
24014 53732
21748 26547
27545 9523
64467 11185
51377 45347
37093 39287
29929 6076
31686 22013
5907 49257
64357 27440
946 49448
40729 27408
1423 36992
58810 35332
2779 26330
58332 52841
4129 53806
15729 49056
35488 3194
53953 30307
44627 1644
12029 56212
46743 40206
30303 32948
1518 16773
5660 53727
61576 44232
44025 22919
4534 18604
35155 8378
3655 19691
39982 1101
11368 15218
2884 49264
39618 36937
684 3526
26962 45514
47819 30223
43140 36895
53300 38877
25528 54058
10457 9448
52579 42062
30795 34962
3013 36814
10507 48912
18420 10068
3586 25605
20179 52762
55544 25024
43493 18879
53749 49931
2346 22956
62279 42806
47348 11871
60509 4063
58572 43206
19548 23543
65045 60977
1102 2182
57016 39687
38206 4467
37532 48736
42041 35068
28566 61872
16577 5716
3832 14934
10659 64421
12461 6412
13379 44409
57389 62540
22172 17826
6809 10471
116 53183
700 18281
23535 2013
37056 18693
2105 10010
13186 32497
9758 55555
3927 65127
50262 46948
1515 26006
63116 36970
36755 48389
60357 63254
13263 39796
35656 44261
34148 55733
2913 36292
45052 35788
36494 22203
5246 48628
26554 24711
32069 39798
10388 12506
63150 12249
5585 5031
53196 22855
32813 44811
62656 25281
42584 32031
49693 9195
10552 19016
31757 34387
35811 23001
48629 55899
44810 51480
36336 14428
44690 45195
10105 2325
31561 24739
65284 5463
55116 56213
8324 54279
16748 20011
18428 36790
17197 25042
8413 31739
158 40954
44756 64290
43475 50644
21795 58336
62922 27037
48073 5799
28359 48714
36350 12012
24554 1729
59534 39763
20106 7447
6113 39073
12535 15112
20207 23121
51146 12041
26242 6474
60398 12455
25216 49501
30552 28475
54947 55507
49354 38883
64140 16905
39589 64589
10019 35408
5848 28352
29698 40578
13485 16300
51550 30762
27270 7750
48672 33907
6274 51161
57306 59308
30386 31342
53585 13548
44623 58610
27208 18109
37488 38677
65247 39197
36518 12338
57991 63186
31718 14055
19370 27875
37961 2372
17203 62722
36846 16217
22037 33035
53675 27689
65162 32377
52621 36946
29964 7563
6775 26260
43180 64621
2980 11565
15968 60758
37249 39797
64385 11107
36667 23403
2061 27851
64056 64942
39006 8414
34808 23221
51965 12220
49392 54220
20641 486
48480 37068
7475 52923
26612 63497
6597 35842
47007 2960
25376 46689
29170 16689
12010 34694
59405 14077
7849 13367
23592 11064
41020 50779
20761 25490
43920 46487
17718 17225
46737 9170
33842 64137
1493 5956
24039 7684
35739 36257
64866 17329
16007 19160
42772 57919
34258 42331
27270 6906
30113 42971
48491 12209
36950 7665
10650 52109
13701 14953
2045 43910
17183 61477
58407 23817
23888 60334
5372 62763
43519 52498
54958 48220
1885 53156
3343 96
10386 59764
23555 3476
22612 15226
27572 35469
40395 62615
56315 12327
42217 2234
20565 30024
60547 31744
36747 36422
32718 29041
39841 62785
38622 27522
64081 30586
43820 28639
51782 50817
9296 4038
65457 7387
48673 23355
10753 23722
51917 11271
30666 11805
33353 56574
54152 53473
62443 22851
22845 7037
46850 25623
51742 1924
28282 32415
9736 27039
9373 56733
29494 12426
38630 47800
42584 50288
56350 11336
9536 40033
15640 47474
28524 52721
38387 32832
51233 37230
31623 63821
46539 29097
28469 44149
6302 29882
11610 8281
2035 26086
47185 61540
58106 22164
20829 20332
11395 22506
11169 39376
4618 35707
22741 52715
15161 60734
26190 23036
9223 3113
17812 43240
23916 23042
31562 24856
59218 40311
1900 49767
6389 4688
10745 36227
44636 4100
11309 37302
25264 31649
43212 20471
38182 23636
3728 18906
34495 56050
58808 6542
64471 47976
9313 1892
26321 44942
32727 63301
2441 35134
5547 5330
50716 4401
8125 17057
17846 9864
20166 2019
20289 43515
56095 19386
47073 6048
30546 32157
6244 21777
49401 21951
21000 45669
34011 38833
36208 57369
61346 30342
44379 19405
62952 40227
63821 42036
19701 58188
37938 12165
19119 1052
36050 1260
34954 23941
20370 64465
21597 13866
1550 14606
48091 34620
54433 46420
23259 31994
44658 34718
35940 7423
53937 372
32827 7552
63829 31168
9991 61001
53624 55534
14353 25397
29410 31293
26856 5035
46098 20222
10261 52593
61796 22972
51557 57386
54114 26700
24783 19585
22284 16978
47355 22376
53405 39471
15724 3334
16407 38801
57884 14014
28280 15893
61555 13751
63010 38549
7798 11813
15283 58038
442 47231
60171 60668
23612 54165
49897 41536
60332 64708
59437 10288
63537 19937
39745 56583
33508 16232
49764 28546
61317 54391
54352 7081
20890 47340
21885 28093
7085 11601
48665 6617
47623 10629
3960 654
32636 51305
61204 40187
42293 38859
1495 1945
1304 41769
1854 28504
26624 41094
6122 55985
56043 23475
54015 9873
35140 20843
14579 31693
53151 47170
39738 1432
45370 24500
30358 20295
34158 52669
27384 15000
57295 47360
17274 63420
49545 14935
28857 16140
5068 7692
60416 60347
24044 21580
54503 3810
29377 19852
41109 54049
5804 17332
26169 62717
47220 21880
25719 60034
31040 26943
33582 61560
19110 33637
13266 6512
5406 22544
55503 54473
28141 18496
49319 38373
48171 56385
50059 43792
43787 25413
7075 62951
39774 49590
12795 9133
17915 45011
50890 17013
4859 51423
33759 63601
645 14572
47541 15709
20360 30860
15386 1998
512 22919
8699 2738
63035 61890
26826 6308
24251 13205
17099 15235
28100 13984
63499 46266
38666 36986
13572 56673
4928 25610
40070 35774
21890 33882
15143 48590
55784 26728
13564 634
48762 55617
11181 44568
33512 54000
44168 13739
25318 53941
14873 39612
76 3098
62240 37063
13595 58581
64786 8463
19099 59180
25102 6736
61591 47659
51088 62499
38234 7702
60413 64126
8444 42678
57760 16544
12033 60464
49138 11562
11685 54197
16903 55668
20251 52374
12295 4766
32342 31198
40741 7056
16247 42091
65047 4254
45606 32636
36983 20229
40163 28125
8228 49186
27924 6549
47808 61238
2412 33031
62383 38747
42804 53172
28052 49077
12779 55805
40766 13881
902 58445
63227 60743
18246 47424
6909 63387
4894 61900
37668 40831
31764 62556
43296 32184
10366 53249
63952 51422
45508 41312
46627 31612
42825 52270
38159 48706
59915 46163
25530 17278
17022 4155
47411 423
64356 26538
35434 42489
20720 49557
7080 4023
27276 46858
40544 1682
45707 48422
13183 47311
50623 4937
4233 43553
43561 41897
37961 51698
56962 31937
3903 6575
55473 30218
60145 60825
45996 27667
34687 48730
28413 64592
6434 16460
36207 45754
31422 41006
40393 12287
29806 4847
53279 53150
4701 56278
54956 58012
3217 27822
58082 35857
52028 61845
1360 17347
4851 56689
21425 14438
8369 40234
50273 7707
37593 43836
52968 54430
19134 17080
30632 26365
21538 31624
3946 15655
15717 12765
28644 20731
534 8377
62705 437
44072 3789
58875 26915
33396 21805
37007 14807
52022 56778
55393 13422
60205 5180
35631 54174
35715 44253
54828 5118
49698 32902
44369 28889
53387 61601
59084 10858
21701 45365
59251 18768
61606 24510
39473 57064
54875 16543
11918 20292
31316 64232
22551 22291
11177 22204
32952 9746
54634 31782
34983 8816
27203 844
15685 15091
59988 64141
58929 51135
3434 54078
9631 51743
9050 47673
14341 45812
25389 25325
6523 7107
6920 10974
23457 36892
15783 5908
30096 55866
33014 10057
48604 47819
37987 20605
11919 19209
9946 56102
12641 12447
58797 31983
3776 6005
488 51694
17985 53074
56518 1814
47643 63684
24602 13488
12778 23238
34494 44917
29963 30853
3618 38812
25498 40295
14742 2566
53436 38449
10019 29229
28685 43588
63470 51315
35207 27622
56766 51995
10692 6094
660 29314
58898 28342
53963 46438
55010 26148
49073 26213
52029 32319
24210 55169
12967 31919
4570 20933
41637 21779
2423 52578
50498 65172
57694 52373
44957 6025
13519 62582
7642 55645
13055 4641
9391 27328
3138 23832
62241 11983
38576 46299
39977 19594
36417 2117
36775 28385
35488 59744
3208 992
41302 52287
24709 9546
27456 18658
65334 30771
55633 30456
40497 21848
120 52294
39453 32228
55877 56601
25298 60308
56321 24510
65355 71
18589 43668
42966 14612
64624 18258
26788 38633
60841 9593
41372 36105
44791 44581
24087 7484
35088 51385
22575 38190
40739 4891
55125 54326
26375 37826
48112 56259
42667 62747
19077 2710
53544 26071
55935 63378
44393 30707
59693 25434
22228 30205
14993 8104
33295 31183
24938 60394
23126 15618
38287 48297
13307 22608
25778 31276
44928 8115
2864 45091
33455 14455
7673 21479
17386 12735
29699 11147
46024 8777
11324 41963
12681 20263
7900 50971
65039 57620
56805 49723
46790 4960
31981 11407
17220 58872
10603 28823
21911 2232
12686 32249
63958 10343
17422 29089
34602 2739
283 52386
15594 58635
25310 10783
57937 39116
18566 44933
34562 29373
9451 32243
33414 7012
48730 15512
20392 41825
60994 6557
2574 62468
33860 17510
51112 13796
59716 52654
23886 20083
52528 30238
8299 61216
767 24362
7846 4880
8227 33716
42368 64429
3104 32483
29628 22012
26047 50209
49540 31563
36841 29093
19867 58211
44997 27038
21720 19672
13341 59446
50267 29684
21902 28408
2875 4206
52299 50723
5373 63953
23961 41152
57301 47705
4818 64085
44914 11944
20933 1049
11283 44327
52771 529
36736 53991
7417 1713
44552 59892
64664 29107
22361 22052
14350 14497
49696 63656
55912 32142
2609 46786
21748 64113
31494 7031
39661 41705
29074 4450
7093 56082
58619 21087
37666 51278
25188 15299
65250 28326
64473 36979
46547 43415
44894 39466
1749 38436
18931 21602
8984 40285
54549 11812
58124 55935
56138 14808
36705 53125
53536 17871
21198 21019
9826 56052
29628 10072
13717 31051
582 44311
56048 20657
26990 45689
30287 138
29562 44078
3946 15432
27863 38840
56464 25596
22107 28386
26482 53222
48989 7314
17076 46939
60802 63881
55776 39902
22869 2192
48975 19714
15572 37329
37869 41784
60980 8559
10218 46963
41855 24571
11739 50459
54443 36803
36021 43292
23991 41974
38552 35778
27264 55694
9087 29612
10984 59595
11451 23204
5939 41988
7440 52418
27714 23388
21902 4264
26235 59500
38571 38319
31585 53837
17601 24528
43038 400
27085 9199
1003 19237
32964 38037
504 45450
27175 8280
60233 13472
5180 54314
8046 38197
947 28475
50987 22168
63543 56037
10477 18959
53440 48379
15118 52111
27590 64495
26106 58256
23576 31267
34618 59858
26541 42150
29741 28444
53912 22561
7590 41183
831 43219
11733 13235
1703 12726
42870 18827
52182 64933
37388 7908
63938 61319
37258 51051
44362 63275
11460 54892
15761 56099
1667 8031
3156 38841
5177 65243
30916 60808
41678 7427
2704 3819
63334 1268
18636 3532
3775 17467
15704 12140
31473 53135
3585 22583
49216 55785
8504 11412
57755 21936
53248 44185
63413 24544
25266 59290
20263 22590
6296 19582
21218 50472
63091 52957
1185 16550
23357 51254
6632 21577
64433 58906
49029 46369
47756 64749
35885 55094
6338 55109
59249 41989
15136 41968
58067 39213
32896 25182
23801 23800
60120 39779
58974 44997
13525 40239
9143 5263
18383 30297
56788 42411
28679 45977
51460 29156
34986 9936
34701 48198
57121 19621
32138 9458
14002 63425
64518 60294
8123 24232
19255 12499
34150 60123
17040 4901
31557 2209
30305 7147
61554 21479
4176 62988
3825 33921
27568 34551
46762 21954
11276 21222
44004 38803
19465 3003
29936 57436
24277 39457
10406 23405
59543 16495
2398 50006
43982 53990
35189 60833
45600 32817
37161 35289
17398 39259
54147 29671
39795 59534
58916 48569
16476 23903
41038 16482
27440 47263
63099 1595
45085 38153
58628 26229
46287 58009
58562 18803
21769 24433
27610 27041
42409 412
56385 45841
56373 32351
55621 56675
45185 4803
28226 52717
25629 5006
26028 34758
7557 2177
6410 39124
39206 22633
30139 39501
55452 58286
39985 27453
12162 26127
27053 42009
11562 35857
31032 23746
32583 41534
30284 54358
49241 48925
29745 49780
2168 24787
31772 41935
20302 39252
52315 62990
21320 26358
47457 21434
55671 20981
30135 54410
49345 5948
54372 31784
55189 38867
21891 10246
35182 21148
63907 60524
27094 23136
54594 34535
1111 55719
17032 27242
29707 13952
42270 28795
63159 26817
36320 39397
12128 56780
31230 9508
5899 27523
34861 58999
59943 26747
26176 35843
2114 54329
51602 9051
28869 38243
45957 15291
10894 22458
47235 56772
6845 4888
34045 29319
15881 37627
48395 23530
62161 24452
39477 9836
3006 18401
64630 30114
207 37875
937 13950
56140 46586
17894 46503
40153 2593
5401 33934
55282 42787
34499 2955
51210 18822
58510 51375
37689 4927
55324 43600
32245 33523
59643 54391
47300 64414
13636 7259
48457 57142
52667 10237
52066 17213
16572 23354
38272 54236
13834 30144
42380 25867
51186 6132
57485 37267
1646 30494
23590 64295
47492 40879
27192 27780
23033 47486
64354 23861
36675 10267
33248 12630
7904 485
51116 64131
60302 16276
43339 7510
26644 39632
12885 26850
59817 2956
26315 54983
26447 18883
74 39707
64685 62844
61763 12506
16133 56386
55134 22915
22902 62515
32216 1511
11325 43871
45886 42856
40715 26097
33612 13910
16069 25747
38486 22458
3666 51798
398 36325
44500 36136
46681 58250
47508 48403
50458 53211
44134 40876
6299 8396
45144 29241
38475 7477
57817 14342
12384 32863
65429 1605
38578 58234
52150 22050
17483 46259
13653 27763
29351 2176
36563 21655
7845 29797
57489 35481
19046 20137
51923 10599
29778 28212
40467 59245
15337 33096
18189 15884
4339 45970
1188 45514
43324 42162
13946 57309
28296 26164
1874 64580
10613 42385
1284 44244
25292 53189
11629 65036
8594 41509
36389 52420
51040 31627
26301 6697
53712 32517
10553 57523
53756 40507
59194 9341
46357 47261
13321 29581
37602 59961
23724 18335
40419 8462
21806 51734
17806 63398
32519 15697
52578 54156
4868 22371
50050 48261
33371 58660
16696 11973
27628 39661
39273 2845
7223 52358
2170 6541
63770 24924
12247 4497
28258 54667
6116 9786
41448 62743
59735 35299
53273 45229
6558 64866
20156 63153
17008 1581
49546 4904
35270 19242
61572 15535
7930 37655
36401 53519
710 5473
34358 59654
61847 33422
24306 18086
3808 17713
61972 31591
19131 49474
37498 19924
40641 25008
46745 37916
29906 283
56823 18569
35953 45544
15430 44274
61316 10189
26563 23960
46440 62241
17438 1755
54747 17079
12348 12174
815 39546
60759 54657
16938 62520
56806 53785
62692 32216
60536 36061
41650 6549
48749 48203
37426 1514
39901 45286
2762 6133
9726 22919
13638 46733
38777 64780
62681 42365
41165 14205
57324 49448
54062 39393
16671 39506
58749 10836
47756 25380
8912 9965
11994 56832
44363 62079
12628 42493
45168 38088
45340 7839
15603 31538
37039 6039
717 44397
44592 49355
24648 25423
18899 49124
34589 18747
5831 405
24273 2784
43675 23222
37711 21060
15004 48172
45827 21245
7055 45618
63446 12408
39992 40853
30677 14593
6559 2196
54949 8992
15501 41620
63620 37816
20206 51829
38588 51554
59244 33387
297 60932
2866 36346
51957 31491
63157 23386
46366 53749
24368 3904
64639 54403
28828 62773
5138 4184
14269 24946
30580 21680
34604 62755
63435 51256
2585 40591
48665 37935
25358 36752
11018 58025
19744 30867
61928 16377
42997 19697
46406 10557
54817 22076
50441 14838
21866 20458
30405 14400
38088 39454
36048 23741
41625 59838
37273 38420
10411 61219
16848 5475
18935 18169
17668 50583
43818 59207
65312 3978
17860 27102
57053 36786
18907 63219
58913 5142
58634 29055
58781 61836
18894 21534
32916 64962
60862 45232
9652 63232
3714 29727
64736 18263
25966 35360
57907 13926
6000 57127
6035 2384
1284 7078
40510 39776
3536 4169
50557 5519
57020 19096
54241 33768
51525 9720
59556 6666
29807 1772
64539 32131
58189 31227
30653 10065
36558 269
70 25953
21626 52853
39657 40409
45333 49921
8929 55226
12663 28652
19573 15524
39930 60555
59164 11920
43985 54929
51458 12093
25969 4126
55606 48618
27609 47729
10283 60179
35876 52350
20957 41500
54868 11572
34868 61688
43499 30212
56654 40427
38277 22159
57695 20039
17935 44782
11844 6985
155 23998
39786 32051
4292 50692
47658 50000
34128 60866
36393 42142
38937 7507
34204 9742
57862 35380
45746 29117
10106 56796
55766 306
4489 41725
6367 47823
43442 29484
43121 9887
40316 45996
37300 60798
5113 48956
43191 31429
57942 5046
57083 6000
25182 29508
1024 18476
2409 63247
37015 14218
16076 23661
55884 41728
18906 20406
54286 62045
61425 56559
39933 44782
19891 38226
40621 9812
64009 26201
63156 48350
55821 9881
51853 23545
7700 26230
9275 17125
42836 26681
46029 13004
35786 54708
43748 729
28142 59389
51912 20397
58792 21992
32378 43602
35446 21879
62973 38397
19418 40684
34812 11508
39218 22411
955 24085
43357 55489
62027 51027
8936 55522
47191 40544
62819 6782
28807 13690
47172 16627
26308 55222
29802 51333
58599 31771
312 30974
32820 22030
64376 49248
51227 27154
32274 8469
2746 37173
13202 1372
21765 42139
18746 45639
44176 58858
33793 56716
15772 50851
39843 20414
11828 49524
35764 8438
29584 53291
24913 47364
15810 59856
62673 8568
44899 18838
16199 25490
34585 53310
56028 33063
9454 54716
5941 45034
26323 9120
10491 23374
47780 14199
3531 8696
28262 6751
50757 7902
44107 45131
65197 20306
26159 48645
13037 38400
55457 42759
55774 56089
30833 51807
44023 53246
17288 16543
36555 53166
64130 52204
5056 32198
20268 2544
35735 18267
2407 8814
11428 59609
48181 31935
43989 42482
39828 39688
20898 34834
5808 61321
54898 45462
20745 35515
11584 1542
40480 29932
584 39552
13907 23089
56096 39426
60937 7730
55010 53427
50603 20954
46675 33711
54118 63364
6363 64729
7119 6532
6538 5247
45535 26846
47735 42369
10385 4949
46305 5260
24466 2500
26553 28685
34944 28792
56835 28271
53349 7352
30664 24116
30351 9436
28937 31439
52158 63155
60219 6699
14717 24603
29911 50398
32974 29652
9092 10495
38970 62059
48118 48584
39895 18892
58433 8565
16219 51395
48992 37466
40506 934
9571 42423
14680 14238
45508 37042
59127 5246
37727 36289
46760 10940
56012 23764
34846 18809
56079 62987
24972 40992
2978 1498
52154 56331
48948 25920
548 51199
25465 1236
44416 23498
39176 13994
41615 44074
23948 28154
7324 51755
25562 9861
31535 1678
32050 17030
54412 9477
42980 15698
18053 28561
39148 37400
50797 12868
60060 49419
55895 19742
25059 19374
49925 36504
12844 44831
36706 25458
22402 51908
34491 10096
11743 44905
40512 36029
56577 26407
54640 14919
41526 877
9513 45325
38553 57495
39732 14503
9417 24924
18567 44958
59137 47219
19508 14010
12459 30622
20101 54233
53572 20539
63164 31091
18454 2809
1298 62771
46590 3367
3281 59731
57172 37820
44832 56745
58517 15800
43925 12557
52080 27570
53771 13093
42268 6063
13758 63352
47715 49763
29577 21727
27386 62301
36902 17190
55833 14264
16471 2957
50761 11853
3527 22385
36995 61272
38728 59965
44521 16247
37329 42787
13289 62005
18231 51465
12644 19450
31409 56521
14983 46052
14021 23014
20030 19996
58250 61952
40016 62508
28267 12297
36824 31577
22624 7544
61169 45026
17877 8765
41646 18845
58793 50624
14467 38168
34082 11487
15177 10595
64345 19527
21344 33565
21993 55661
21532 24355
7556 56463
38131 2779
14904 7753
27014 12969
59186 57979
51414 52123
40438 4971
63048 40168
60370 20616
7355 54652
12347 14354
17093 41742
43020 7222
36407 20323
29018 977
29496 31875
18190 14243
13803 45105
34329 59284
42899 33604
56273 6189
3707 59271
33020 50358
35130 60967
2868 61318
22411 56993
31248 20459
26289 44829
31815 3355
30870 33572
53795 12748
34226 32612
19703 4
39820 30919
41892 5266
37395 31622
65254 34543
27288 48405
58802 751
13587 49613
54181 10109
31536 64949
8807 41302
48695 2386
30326 23932
60164 31297
40676 19399
55261 34831
65152 22036
21477 58212
48003 17352
50158 34305
56124 30578
39935 31178
22264 17813
16691 40064
20517 28852
48091 15144
25162 56319
40739 62698
53720 2226
26206 23036
18239 12682
3200 3696
21877 31763
50705 18561
61963 60813
36143 3170
3115 5215
57961 60391
26248 34019
38549 41832
17347 22672
42251 65500
63863 698
1223 35506
15670 63792
56219 55858
56606 25314
16169 64320
23654 54662
53616 12267
41423 11328
25445 31126
51701 25108
48656 64498
55513 55381
32284 28454
20248 14832
36835 43966
41732 60651
889 41987
43593 45435
9178 46338
49571 24978
30594 48553
45308 14549
45594 43697
41251 62327
2289 33669
34238 21022
33196 24883
44833 49631
57313 42709
23799 55431
46120 48166
57835 16879
23821 759
52543 40970
500 20431
5846 63095
12545 61789
60973 31089
38871 10335
35530 39100
33985 45634
15248 11284
36603 51714
30663 3712
3629 48070
12569 4488
50427 64608
55370 18591
4895 14652
57719 21260
39281 48231
64268 41910
5020 1048
18623 25660
39690 43062
21029 17878
65501 42823
17107 9806
21221 6929
37434 62769
64456 28865
38720 5449
28078 51406
7162 5795
41392 36477
50756 17531
1683 20843
53947 53484
60615 31177
1297 58925
23641 35060
56016 45751
65179 3624
14678 48934
31165 36468
13952 1243
8963 980
21077 50603
58239 3630
59119 15376
61198 25262
23820 39896
61728 42290
53712 61781
45551 33458
11890 48547
44330 1101
12288 29158
5456 12008
31444 32919
61181 45727
841 23173
40802 53724
5192 6225
9849 19399
18499 13769
22761 12753
6691 19109
28417 9058
1410 61914
32727 26052
56822 42840
3928 50308
45441 26950
45994 2187
51377 14189
36939 4803
22638 31869
27277 536
27437 26916
55421 22221
48203 42109
30395 19058
10549 61721
29775 61561
6600 26585
58456 11812
40305 25497
35342 39265
46327 41429
55772 23475
45166 39176
30728 35321
53607 10312
62074 52917
55320 46115
38018 17970
12003 62162
37886 60764
2647 16591
8016 4916
53169 36077
62807 64311
65391 52716
22163 7118
64944 32037
64434 48406
23365 57727
2421 21604
32014 17883
10221 14006
34719 17115
49214 26893
44364 61073
63702 1840
49346 51293
40877 64354
54414 36828
31153 1111
47469 41824
32464 42730
33848 17142
17137 1569
5056 21457
5870 10426
58323 60258
33063 64404
42816 29181
19335 19003
40800 12966
25303 17463
4620 33824
46704 56956
59553 25068
14764 51090
30776 34450
1074 15348
60818 49410
38885 55892
52922 61466
31633 29899
20663 15619
5141 54204
17019 62257
8349 41608
3700 36093
37469 47630
40142 46794
37979 19595
64807 8898
48006 26386
24453 14159
31342 48424
2173 71
49642 2334
4978 47737
3835 3999
38200 22876
39641 29443
17096 43107
22923 44358
61257 29124
53913 18705
26201 21988
51344 47707
54157 25223
40179 989
40944 38607
10676 22198
33581 33191
44832 51215
24656 39850
2082 16028
2297 59292
36815 47416
14435 52166
4189 31917
45782 20764
56722 47090
49003 2499
34728 37691
13756 46036
32487 21679
20390 29927
24148 56132
11411 49480
15776 5341
43737 28028
24491 14283
15626 61149
16436 16575
34270 36318
48683 65154
11080 53243
44134 7194
23180 16086
10458 46948
61525 15471
1158 46322
58665 38905
35822 47227
54123 4415
61631 34802
45253 3819
26355 10398
46933 53581
780 63980
23079 13294
58984 30160
27631 31229
639 42110
49610 25561
30553 64792
50598 24716
14745 30182
49749 5633
55343 8420
2445 7841
50039 54127
42156 42400
53328 47846
16108 61000
49072 3932
15216 4789
12244 21785
23391 11358
15804 64618
11610 30270
21030 54768
59608 1237
13187 61436
59261 45257
6554 55096
55496 36837
55005 25822
19984 35883
52646 57535
38223 63767
46227 18212
58456 42504
35349 44444
63065 4820
42446 55377
37999 34728
1418 49649
16385 54188
59073 6435
20759 13977
59683 37041
32412 36770
44905 30112
41892 62286
10902 60986
48411 53281
48779 17661
40240 49060
61721 9860
7585 51555
1030 14062
29461 44130
18180 60621
63318 22333
19793 35454
9259 13821
17226 37927
56064 43959
58628 16
15416 3839
35050 5559
33113 39994
29414 49962
29207 18978
18023 31027
30712 56899
29903 50163
11790 55765
43955 4399
65337 63092
54433 6104
8946 8515
34095 26179
42359 61896
15600 43503
33114 63807
33079 12179
407 60902
31110 31360
20946 52083
49170 21346
57150 12258
32110 25628
24821 39007
28066 55704
33397 45675
45349 43185
9053 22094
6926 11389
59752 3786
7432 6059
14016 48843
8039 55456
14353 56221
26888 15736
160 25801
23107 44131
59187 60414
31635 35293
31355 8031
31650 49739
19651 8934
23968 6319
12362 15968
20305 44902
7097 12311
4432 27466
55679 19616
53143 51484
1736 49240
56660 35573
54381 15419
1670 22750
26392 21057
46362 52872
13019 46809
48301 27453
30103 18484
49094 58141
22208 46924
32586 42979
15703 12027
901 48512
40573 46100
12099 20226
44688 52114
40133 58988
41223 42132
45452 2009
42103 51640
48543 51932
11594 43039
27936 35733
45692 60452
2770 63159
43613 62646
41389 24201
46415 45116
34669 40205
31617 24639
30071 22760
5730 56350
24555 37036
18585 47902
38436 33074
2767 61258
48452 3547
33979 55871
29092 15214
59466 8847
37599 57081
30169 43412
11953 33874
19541 20176
2046 35688
21274 25687
56857 38195
43397 55005
7125 49045
8551 62862
48351 23772
56735 8683
16543 37470
39260 57596
20511 24025
26031 51242
47192 15543
6775 52664
14003 46819
33735 3925
40074 35493
2145 53765
61706 45184
36217 7689
15870 2340
56334 7853
21570 36677
22533 21541
30656 62574
52722 12967
11002 12139
40014 44617
44798 13514
772 25097
9706 27649
51986 32483
56063 23571
18557 1694
46727 2220
27678 30283
22712 65311
21512 59086
13725 58968
28856 44785
53131 49488
10274 57431
23150 48232
42238 16272
17635 51572
33169 26768
29408 17857
49614 61746
2208 228
60440 62236
44325 9675
59687 56735
54446 58814
32972 24910
9484 50828
59983 41332
41786 52969
61608 52394
13655 60677
38696 37312
59276 18656
48008 57350
27248 23929
61377 52528
59850 26762
3500 15774
18420 43842
13619 34129
21668 2374
50817 46006
59157 4876
22597 64813
41342 39013
18685 21430
38808 38126
24336 24768
23406 5827
20942 53861
14223 11929
19904 45555
20783 53396
40885 57361
28290 40140
47930 23128
41118 32351
23134 31534
31053 3339
8739 54285
12317 24414
50531 18871
41411 37322
19980 7431
38413 33502
435 82
55566 47880
19000 47416
47445 48592
21376 16237
16246 38833
12928 45391
7313 60427
46303 25943
8655 63262
51691 15618
21443 47494
15730 4638
12044 26847
38362 43650
35099 19340
7316 19134
37882 52752
61204 36816
19128 31272
65467 16043
49530 661
58420 5854
36513 41924
64592 2985
35823 43291
43820 31230
17709 39752
30915 57225
60356 27692
31207 4195
1689 57223
17048 12345
39168 63441
42473 48652
20759 36578
13362 1278
64524 749
33908 17886
39356 12956
55495 40648
33673 43616
62114 32652
16858 42946
57538 50567
30430 45310
4419 19019
36641 10217
52499 25877
20034 3386
27351 13267
17412 3
31913 46743
20295 15970
31444 54466
29026 44428
56370 18337
26407 46727
29021 34798
27170 57058
64130 61019
15317 13931
60503 59533
48405 35461
51496 3902
45414 36484
4619 26081
15320 5089
59426 10451
46173 57071
7267 32449
30408 53128
17170 27765
35879 17859
53526 63149
40946 27213
12946 42117
21992 15585
33254 35450
15828 37733
33341 54509
41188 22205
2885 46812
28984 1839
44457 44730
22651 1209
58771 15756
56927 42606
27033 378
3041 52591
5057 10544
29320 49956
1613 20302
58573 53449
35399 17020
16830 63280
30105 65346
40938 61867
14561 9481
33376 28009
55429 20664
64925 16771
54512 33228
3948 29907
12647 11742
6618 25724
21118 54224
40245 20405
30964 1651
26004 55121
32874 24131
58406 1223
16673 52587
58976 37438
33712 40397
41603 63060
56665 23354
23689 3320
35877 25768
57202 40574
18076 26321
21863 3841
11444 4798
64280 59414
50622 7587
53163 7935
33258 51383
9138 1228
21149 41225
10750 51200
65361 16156
45030 24613
58964 15236
56575 33088
12166 55520
62141 56248
55367 27019
36309 49353
49431 22348
17651 3772
23633 64421
51501 11209
1900 53723
44372 450
6521 10488
16071 15704
58989 41488
31720 5346
12022 50874
30684 62794
53332 61271
25948 28290
44982 25956
52502 43332
10474 61923
60579 3919
26544 29853
18736 8017
3824 14032
61904 49976
14441 60435
44060 28329
23109 61596
36382 36374
65205 3402
28232 51945
28167 15789
1641 15336
4190 55285
53970 20570
23629 21640
49825 14613
32800 11715
6533 6543
24852 20441
549 37690
25124 64174
56404 44774
57276 64734
56000 19080
59991 34657
63233 32619
43570 48862
45895 46617
29520 44567
37042 43180
2608 36979
40038 43425
43988 39057
13841 43415
11587 21447
22487 49406
24974 58499
55547 4651
232 7430
45273 27291
5212 42497
19957 26337
50068 11896
56784 46379
30680 56203
65404 40720
22291 28633
59589 1825
3430 4745
38559 35046
13581 53882
55651 31772
50073 17550
54065 34468
34565 26202
37904 5193
33884 31360
4238 11712
63114 50524
6923 51763
36276 4394
1564 7384
47813 33204
44965 20346
41532 16621
27734 50150
36534 62090
63637 52200
28304 48374
40994 50981
26631 32023
48380 36950
21450 36919
23386 47243
15172 33353
30080 3125
57200 1931
54948 42255
49748 26198
27863 1312
56355 42836
47750 58989
3230 30224
25674 34238
64537 50732
32535 49975
26620 23354
37250 19364
51578 7671
20132 57264
10362 47636
34144 41730
63690 2627
65131 9178
33239 16041
16861 1774
52839 40955
32086 1977
2406 53659
25876 36894
41465 18605
15944 29389
32157 59162
41212 31379
5610 53247
5844 45726
26118 62095
13464 57060
54077 15306
3166 37443
7484 13469
33976 33655
6651 63458
33370 28132
44309 42916
60117 35788
46638 10498
61570 59276
64704 19189
40463 44645
56141 43378
34285 19103
15190 57344
8270 6247
13100 37795
53917 42241
56116 41287
58758 58774
55403 35666
65179 39880
46525 8964
22843 24962
23877 29828
53557 16089
4411 5248
39863 28131
54293 14517
34850 29343
49128 48321
65110 51959
3677 61293
36650 58469
14730 14772
47399 15804
24937 38490
13352 11908
44338 31055
54568 51903
50124 37061
40074 58885
59599 39348
44734 55999
7836 61856
45840 17424
61384 7170
29367 46859
14109 58785
18916 126
7233 58624
61237 36347
38241 18300
44792 59186
50727 42159
12770 20988
7406 29290
51340 28738
17510 53585
24274 50804
58599 51115
36381 10117
36501 52552
22036 50727
35869 61542
58264 55064
22878 28188
50017 43634
32167 50293
53616 48418
3264 2288
21844 2957
39 1974
46237 33351
18733 16181
65128 158
45254 16477
32832 30782
21182 16489
58725 45626
2077 41070
48260 35868
11666 26025
26385 31233
27993 28423
22 63845
12893 33441
9737 45663
45531 50600
14168 14101
21151 24553
31378 17266
5005 25233
42049 15676
20841 45156
12547 14015
48214 43754
40872 48856
25135 40377
23813 26622
26248 35348
7263 1027
15162 20913
28054 40070
7209 33029
10658 64170
60244 57084
37826 54888
25295 56598
45509 47720
59786 22025
57621 17488
33319 15201
31422 35438
41601 19534
25271 11927
6827 65036
42836 41313
30251 31350
40671 14192
42501 135
38485 25189
21332 10127
35890 53824
22418 41731
10099 6701
62214 25211
7387 32865
61883 34733
23916 5311
8351 22754
29951 14773
1287 65374
35025 58672
574 35824
35549 55587
57616 55527
44022 2471
55753 4402
41671 6694
27933 55969
63343 46427
62118 23874
1368 25980
55007 27312
20729 57450
45428 32992
21810 27121
6136 55774
60578 63331
29800 60641
916 28806
29998 38987
11049 7249
20783 37799
9794 18875
33443 34041
43902 46028
27964 598
46414 39255
33730 33794
6801 53055
54428 60354
34496 54916
12577 64017
4949 23862
11799 53103
12519 3117
10981 47696
30325 58483
42822 55216
46118 29875
44185 14473
13165 64056
57940 33049
53106 53631
50497 15578
34540 6263
59889 57050
29346 2201
33465 43683
9420 4015
36953 44459
48030 45991
47147 44967
5996 52877
43219 16011
24300 30059
29637 57450
53828 56677
543 47170
52740 7153
15758 20239
36468 3228
13250 23272
15542 8318
10650 14095
11573 44227
36376 30106
37567 42212
62622 56103
58234 12110
25535 31594
5718 23465
36148 53500
59185 46919
5474 16945
28786 24862
57834 39917
54361 54456
36829 60055
64704 37779
25802 22031
34688 34783
6072 15600
34018 14795
36714 21239
13289 10404
39363 32049
46876 55714
1317 8249
34038 54491
24249 40410
12162 23311
59762 33420
1074 10956
10698 233
50040 50729
5179 65002
37484 30818
58367 29038
1982 16665
27730 54916
49223 40365
61280 57848
30744 44076
1976 53511
32443 12656
32142 47448
57895 32293
59922 35879
48333 52930
3041 17341
46160 54152
24818 13112
29766 9791
50668 1661
642 61832
46083 15692
60665 23675
39258 40139
63402 43126
43898 51782
45810 37818
29106 64816
60051 12778
40154 29624
22333 52190
60371 50902
53214 21969
43511 47269
1501 691
5978 47713
37073 62506
56591 44733
45909 22799
28160 15028
2062 59284
43337 11507
51209 13399
2335 43641
24796 11736
2696 63352
1276 65138
35833 10705
26314 40593
32658 57555
64046 17716
63778 15626
16956 51579
37461 20154
47671 44787
9098 24152
39508 15270
36818 43570
57765 27373
4321 65047
17184 5862
4354 13172
22188 26923
36106 29339
40158 47588
39231 44832
35394 21790
36219 47755
62971 53657
47494 38080
27368 28684
20185 40309
41544 3604
11052 29221
49316 44197
5502 63731
51924 3742
25491 49589
59860 63324
8539 57861
28844 23236
63846 19744
44144 50786
6875 43130
14141 48150
42604 3020
50570 41855
47683 45603
58689 29510
64848 46941
24635 55168
45459 16197
10281 53718
13288 10196
30401 20193
13955 11395
27722 28775
132 11104
17057 27445
44357 33486
23754 15053
11603 35067
367 57711
62821 23295
52925 47945
10505 29460
36899 29369
39511 36110
48067 49468
44952 9200
12222 22823
7176 38636
1527 44960
34856 7910
35054 25162
40946 21579
33333 64097
49657 48167
61428 45168
35642 47794
63052 22658
41114 34155
10613 38270
26819 19773
6800 760
28595 54229
48924 62077
55696 35577
2238 16486
52466 755
35997 60031
20120 14407
6987 36624
7365 35908
43474 25241
55191 12828
64464 43470
64314 35632
11854 47247
31814 55608
26595 3463
9329 14369
23814 53680
18199 13541
27211 9603
298 42080
14970 27725
18216 18869
603 20175
51112 57225
18664 46270
18773 1356
59091 35341
9577 48815
6177 31617
43481 46703
63705 55257
43773 24667
46327 34058
3270 14736
50517 45472
12881 25699
21712 7252
60949 8055
58496 5086
65283 63911
65523 11385
61452 16646
36649 34725
6648 50221
38122 21961
55622 27511
4482 29562
50436 42541
24183 9729
6228 27664
32926 23246
62376 23619
51124 30471
46180 14290
13003 39489
45313 36877
30193 64585
14937 16323
21384 37020
29897 37990
62665 15610
44363 30702
48118 48579
19852 2076
51260 6706
33257 2075
3852 54478
63269 60816
3251 9994
49224 2159
53958 3983
10233 51754
53897 52685
43711 37553
17816 4485
49789 21468
35164 533
55846 16669
1335 33326
47190 60470
9240 46861
27971 24423
8967 12159
8092 58543
38549 2137
16069 59959
17377 22711
12709 964
13648 7215
40033 5688
51781 13975
16633 25323
3540 61038
39345 22782
4285 32725
38900 15025
42492 10050
63883 7068
30559 63790
20905 23707
33721 29467
51350 62033
15064 2206
17211 4406
4180 8966
19060 63689
2949 63319
14666 14005
15525 4521
49924 17541
33116 32755
16316 24416
33942 34581
52244 29886
46883 18217
15964 47557
63627 31573
44424 23394
61836 14768
17004 12775
56632 56078
32899 64625
21071 36050
13462 7052
2084 23348
33408 7394
5103 45915
8945 51260
59124 28047
44831 13725
3472 39245
22122 51086
36690 56552
28477 41757
64221 27586
39972 38246
10549 30483
64138 282
64184 50362
1067 16931
52871 27992
56352 35480
20758 34847
49651 2633
22262 45033
8753 12799
894 46857
21674 24913
50549 58893
65288 26203
32973 48774
46140 52207
11407 63161
40885 23557
13254 2030
37125 9169
11875 29470
24742 64957
1457 51286
51299 64505
17882 30053
14838 7920
62744 61742
1497 15643
36607 7628
44740 48801
31858 53299
52838 9853
60276 41915
61489 39861
51205 50156
28547 43632
53045 31938
36369 55627
35682 53378
7274 19194
38818 18220
27469 9287
4289 20979
54981 6572
22603 43062
1361 36756
51321 3297
23377 59771
19069 9415
31702 55218
52346 15082
5540 63451
12460 7083
57554 35379
45336 35404
1525 23796
16724 31302
13047 37058
19030 14549
53184 24959
59631 28804
17071 56966
442 4277
10420 24327
48278 16097
54673 61372
49395 41232
44838 6456
63697 40171
39712 3977
56172 20025
42237 43429
51881 4994
46101 50544
55479 47625
44140 29232
35846 12137
8035 19469
30643 8109
44638 56408
31536 59062
48320 49488
50289 47984
33804 21297
16776 41280
32585 41305
54639 42925
40624 0
48108 28258
27229 1382
22138 54022
60748 29955
41804 8714
53337 59310
43950 28278
61006 23522
55904 51368
12470 3691
15888 53009
21236 10495
44937 36433
56075 35374
38285 27461
14764 45809
38651 7985
21560 41877
14585 36796
41223 28362
41953 3109
25731 49886
17702 58817
29578 29924
56579 31967
38710 14037
64250 22593
3687 30092
47828 50693
32409 49404
54884 4611
58715 11469
38114 53026
21327 14683
41968 39692
64190 56887
49407 20118
3680 13435
7241 19590
30591 23253
36066 10203
65363 58967
22337 1891
29032 31439
13707 49908
32755 56467
44579 9989
52780 8184
52722 34202
38841 44633
42791 65060
2568 41183
7496 48884
54980 52598
46447 19199
5747 57806
33668 63113
25260 49444
41480 51120
21365 34780
46898 57617
32625 19620
46054 57890
63525 46822
23391 52138
36118 6842
48143 55372
2474 44619
43819 16177
30156 33307
25683 25480
43152 13979
57905 40211
6516 55829
27143 7783
9334 26529
2147 41528
60470 63076
4655 2247
6389 64189
373 51033
15792 40111
11234 45542
53810 2078
12035 55951
55647 51715
24217 49059
20443 51347
7116 50268
14453 36430
52010 61548
27149 31663
4256 11690
64436 4302
49494 65181
38530 64376
47863 35011
4363 24841
47830 64005
9936 46406
31383 1061
12631 21935
33071 280
39308 3085
62429 65529
10479 18076
54000 35921
59115 8836
29479 10298
47892 63231
26064 59500
57269 16953
5903 56328
10780 14000
58353 63843
33489 16334
27258 4917
30884 40961
55933 7522
63907 46174
6710 21626
47536 27621
23821 60887
11797 18678
9887 40397
30577 53385
45934 3986
48780 47786
59812 35930
45545 47420
64692 26226
40179 11898
5562 54180
56483 49099
23840 57895
33922 20901
3456 6518
54021 30282
6953 3347
40852 16911
54017 32696
56696 21726
64970 31737
16211 34556
50993 63519
25498 17347
63606 47888
27113 47690
63153 54003
7626 36140
55743 56006
39444 36888
65136 24331
7795 52788
65472 42488
17835 21079
16915 3969
11292 55492
60229 49578
19534 63076
20365 26647
46453 18280
18767 3299
32024 36861
27688 918
25328 5308
45431 52181
46070 3625
55360 24100
46544 12806
50853 60330
8048 63214
51507 8774
46942 16258
30757 58437
40537 13990
60322 38401
44681 51859
41778 18782
37087 55463
28450 53992
2478 40173
47038 43535
16475 28537
388 27156
23818 62096
21078 20660
56580 41644
43810 16717
11946 18884
62320 58967
39954 47036
47124 49807
52428 2247
50585 57679
8108 61618
22053 63213
27075 31383
60167 28812
33758 57874
9484 41038
27998 27727
55125 64398
31014 57045
20353 54938
41315 20902
17903 3137
29537 25763
36686 4089
19691 35927
1626 43846
7127 31819
62165 57885
4619 8802
50338 9893
35034 21697
17846 57151
8158 45797
20630 60683
32127 59423
3429 49906
8140 107
45829 31420
54968 64924
60159 2928
7327 38391
24602 19665
58063 28663
8053 3337
4125 61486
4611 32884
42087 52884
894 7660
25887 48591
5792 6026
43996 29968
7695 26646
44449 43046
17757 26333
62969 11755
52184 62812
34977 8130
27315 58487
7418 29821
45245 32852
50284 47851
23021 48701
58099 36618
36025 50687
20675 23392
27702 24421
50573 48681
19702 1169
11602 7492
61422 40349
17734 21487
6735 20514
16843 7454
8172 55020
55015 65040
10576 25669
14063 1544
47475 51753
17991 41487
3329 40242
1665 122
50690 52311
16708 63803
17918 17674
64048 63198
30295 28794
45718 39112
24648 4194
2962 54799
41302 59962
1463 31280
54352 19417
62187 34029
28716 10685
9580 5295
55554 17963
49349 59883
43237 60103
17365 53096
22122 65475
40147 2537
19579 65315
19431 16479
23313 10918
53963 5630
18043 10720
57743 34637
42191 38039
25357 6237
20817 36562
21848 18506
37878 27122
58992 33716
55340 50881
40908 8820
10236 636
15993 58689
50482 33978
43215 21686
13738 48874
63063 26904
56758 56316
1448 5880
24404 60488
38937 63599
19477 56695
28302 15578
63839 27235
41278 35019
37472 33124
13142 25472
37095 3412
44648 42250
31853 27151
29295 47541
7256 35682
20932 54506
21958 36825
60080 52320
19436 8355
1708 50186
64872 58040
64671 45260
34728 62630
23588 11875
13309 2450
7277 12049
52994 26352
64958 13429
20724 40882
39104 60781
29749 35111
34690 30466
12380 28498
47342 733
6828 24331
48685 33507
48009 45645
26689 23137
8181 19628
41632 23830
10332 30783
31240 22790
16420 4917
48797 39464
60384 741
27651 59317
55458 40511
3218 7218
3362 52846
60671 22159
40300 57712
45546 57588
48446 53740
44518 43951
15312 36553
17283 22894
26157 43143
3440 47126
49439 8924
40732 25695
6517 55582
16736 65203
45627 38938
45621 5693
1626 49324
24175 37315
25654 4579
26074 42614
13104 974
45323 29685
33058 61798
50972 64713
38720 23949
10332 51881
6310 36328
5515 21080
40706 53677
46674 39387
38720 45668
11628 26338
39058 23508
56138 51258
10930 6561
30730 3858
8462 42187
48243 12858
11855 13797
64099 26001
19935 29919
8031 7201
22656 38000
15319 53763
23003 24344
63687 18696
45928 43198
950 22869
17550 49187
56752 24507
24673 40114
56392 54374
27802 23034
54344 54128
3302 27361
49422 55609
8766 21640
48768 54606
59104 8174
44302 52547
49220 3944
2062 4806
7227 1751
29248 49802
9258 26919
65492 64413
55533 49515
47262 56465
64109 1794
55693 30148
44593 36825
14240 58256
52008 50554
42076 38596
30068 28133
48887 42345
37125 46233
26688 46730
17514 51226
15453 34299
47882 32185
45823 43256
17958 50570
61551 31871
10848 45619
33237 31705
39664 58161
63561 19917
4071 17086
16041 62213
30178 25973
13000 21061
20767 64669
32055 48451
8504 60790
63801 20609
64331 44864
15234 15646
38435 10801
19624 18072
14368 43786
5991 16723
51005 60279
42789 11779
50099 363
32915 65038
41876 17382
5387 56176
30689 49910
6142 48354
32387 51608
23361 20008
33407 10407
38052 43405
58435 52047
17632 39754
33232 63975
45776 51588
63420 53018
32529 56447
63319 16902
53710 47363
19669 36100
9199 32966
40908 37250
50738 7460
59561 38481
40550 41375
48352 29147
1157 26136
52369 22091
55652 51120
40722 19311
7763 64867
65370 18346
6473 16934
61775 30591
9112 8911
40988 63558
672 26345
44136 45111
47799 40386
60029 40886
65174 32754
7460 16958
59071 49599
29784 63068
47612 21564
64305 20475
27149 2570
59444 58894
24737 27506
64128 57651
7314 28418
11132 30646
52172 8589
5070 61051
3060 49798
53848 36471
3200 34700
11039 14041
18556 39364
7208 16515
21005 31659
38975 31704
53264 43840
49147 22932
28213 30638
27558 55640
23256 2240
53203 10439
8899 40892
30004 39845
20518 18705
29775 61601
14528 55565
3152 1521
62294 24198
35666 1911
44810 43946
35548 34836
39923 8247
45317 41454
55177 38659
27629 59243
57380 52577
18120 1281
7854 54644
34544 61635
22973 20259
48832 49349
3868 10069
14261 19437
3524 36824
51671 50837
65264 16182
38133 14722
59362 62736
3267 29385
3797 5255
56171 15316
42261 31705
64931 20158
6946 2919
15798 58273
25241 51671
47459 9399
47896 45275
36806 2907
6200 6564
59102 26212
17017 26970
51065 6083
51489 28836
35495 14278
23036 57566
56007 64275
51920 26318
30383 62254
13779 62145
11189 19226
49807 62254
17518 31503
41543 47454
62834 59646
7913 58390
24951 44502
64985 44895
29919 13954
17215 4102
35539 7330
53530 15196
3251 24643
31834 30242
32377 13438
2943 23306
28884 62404
44897 11211
60300 63466
3941 36820
22517 4497
8170 60179
20384 37402
43337 23160
37275 46046
8285 30484
18526 50295
10367 50028
64101 33042
57444 63515
20045 46878
44393 40032
10235 13678
35202 12419
10704 21017
11368 2775
53008 48469
53849 770
50886 58053
10029 37839
41989 38371
4652 37415
10998 29229
12669 59699
51547 57314
15107 37145
58585 30651
6160 7442
48758 37549
64111 60184
54620 19379
4212 55211
10228 6385
41597 61870
18868 16585
50674 50718
51052 11252
27549 21599
62059 59643
10217 40829
23695 9499
55458 57232
57509 14568
10271 12544
9862 51156
63461 62141
61073 51738
14422 13538
60976 32787
17485 5794
27037 61205
42926 59608
16800 28220
53893 55413
21670 40519
40830 22975
3048 31103
18256 6786
35661 3043
61851 37751
50610 48000
62080 713
30183 17921
22396 58801
62876 53855
10001 265
36130 48365
53977 31706
62368 4166
27197 3841
52351 24460
40231 65394
26099 10402
45771 63727
37746 18117
42082 60109
24892 1804
58065 43941
5023 28425
31330 16979
26934 1085
45081 58237
28379 12644
7980 63712
22233 62597
25636 47703
11647 16031
10479 42662
14324 64612
62870 32027
36572 64678
9438 8022
55202 18599
48563 59308
15991 40649
18942 22312
18446 47690
27766 31297
55519 8118
33853 33415
20797 28934
1191 63200
51938 61603
23993 43579
23909 34926
49541 30674
61768 51078
47007 29070
10120 14474
63546 8458
58202 44920
50375 47335
43785 35145
585 25449
44664 25786
36933 24130
22919 36356
183 1243
47234 60941
54726 23086
56113 4744
47652 33309
3176 18505
32172 4658
4664 34606
61437 50940
28188 33754
3180 51127
50291 46700
44633 52901
12428 58180
61679 54280
26488 48367
51680 62547
838 59289
26211 3700
2975 60925
18000 37543
33547 52081
3065 40423
33265 8252
59985 56482
7421 18582
55863 38767
26684 48826
9912 6915
53252 29604
34627 35734
13811 39702
25036 8890
65169 4368
48449 290
26627 7531
43665 48874
41875 32804
16433 13294
24548 16162
35396 62491
35217 22757
17710 54803
25657 37900
36687 30732
38892 39374
21962 19963
53114 490
33467 18594
54495 62124
29182 47480
20782 46119
1737 47115
45978 61882
59954 30478
19584 52459
41873 16076
1070 36344
38926 38015
25341 39110
36777 12576
27165 65291
61401 12066
55053 25691
61551 52280
25419 11146
21684 64364
61041 35129
35203 62581
7288 53068
20682 17101
38460 11306
54033 45720
3946 42803
40386 52427
33403 21929
15772 36413
48442 47458
28046 28141
38693 62977
60566 2179
46038 17925
11083 50416
20572 40613
7523 37051
20045 34788
20324 59008
33302 39680
61669 65101
2862 3245
13134 5989
1381 41369
21065 65170
46832 16872
59618 57670
59472 7678
50262 37422
26056 14829
59153 11036
52875 50887
47062 16743
17105 1884
25817 703
42102 42488
46153 32566
42664 35763
27128 7674
39794 38441
15171 63431
51290 220
37368 7704
23202 23771
52742 30575
25045 20760
31967 30027
51723 43532
14152 10563
54409 43873
19087 44114
31099 65127
5337 42871
39868 42061
62763 3596
22898 60551
59929 18626
1444 18413
52940 3701
26905 59825
49968 60747
26924 44644
32894 19727
27847 39290
44460 45705
32508 65033
51048 11212
35865 15653
37136 10274
25516 33426
64366 59217
25627 57398
11098 32744
54214 39969
12705 9639
3457 62735
32215 6368
59111 55675
45797 36460
29827 57405
3539 42824
61449 48896
58191 46352
39813 48618
4170 24310
10908 26971
8171 58340
37127 49440
56705 47656
42702 27412
25045 65255
25929 5657
14723 58939
33999 18637
58698 35630
14102 13169
34386 57847
18055 64859
17513 1810
58447 20603
18694 8679
57741 1832
27820 45342
7922 55210
30146 53072
46059 55076
26053 61478
49258 48895
12239 29839
52191 62556
39732 29994
6579 15830
40815 23580
39330 1435
12368 39871
50612 24858
49927 51433
17437 5761
63941 9467
39000 19201
38455 21397
20232 63598
17008 46535
34649 48310
56212 54340
36008 4370
60934 36620
63457 27829
2387 36649
15489 11554
10354 21765
21272 38709
1014 24554
59295 7063
53125 55382
17713 24240
34286 1037
1622 36026
8246 58530
36796 63620
61194 61012
21218 3878
44697 1380
39576 30711
9124 31146
53993 11857
40672 1462
22620 62131
36857 887
41292 49724
23509 19553
28547 57197
61363 26141
41873 37706
58250 5397
38782 19071
57908 65457
29813 27594
20183 28624
59061 13921
12647 7870
12274 54201
37552 27767
7467 55890
31051 27480
38611 5107
56539 12141
42143 42550
35861 58447
39218 62504
9521 65249
10699 29230
2240 29904
39571 25062
43468 49866
49549 19881
41346 6274
3555 24845
57978 12645
2257 57571
24011 49089
53459 37254
30998 30090
56239 3344
10111 6779
34358 60990
26309 51822
33366 53153
16362 64839
64903 31860
9719 48942
21071 44521
65123 44987
8323 23032
18725 9132
45834 39349
33615 47354
8539 62437
53267 1058
14705 6581
7968 55267
45183 44969
61125 15439
50553 36820
60798 60965
64455 38316
407 45741
2785 38756
57168 42026
9319 62498
58714 45600
45597 63044
46330 23291
24063 43128
26750 26674
47958 62260
64714 47334
63593 12422
42874 6755
9302 39667
6224 25239
21597 33127
47505 8546
25614 35398
63100 51590
47388 16051
49488 41364
49632 58588
4632 42160
17470 50547
17122 9765
9664 60192
43791 16319
33365 17482
58863 2838
18814 42043
50031 34595
4499 14703
60196 55956
57186 25346
57868 60161
16027 25894
39344 40177
39853 8059
2459 23188
52070 59979
41018 10962
10507 61617
62067 20518
55451 23451
5311 13809
55653 8898
41843 36030
21882 47245
51055 48770
52837 23511
827 2750
5285 61869
10745 58603
32250 54185
45597 8662
35663 32127
19457 35266
12127 56490
25296 44042
54786 58901
6987 58781
285 7563
18471 34484
13564 54294
47407 7288
50013 43993
9166 39424
64414 39242
57940 39689
59083 5482
34622 37122
22890 33769
47567 30197
2765 35824
49599 42471
19856 3174
19263 48301
1093 4982
39133 32747
34032 21229
36833 32873
53236 37547
12517 191
20554 16416
17714 49321
27450 37396
45762 11911
12010 32854
5357 385
41762 37557
1931 60237
37908 32445
60669 30066
45268 2765
25958 31754
10354 63991
38219 15340
7503 56582
9214 60228
13901 65516
35751 39309
31633 57077
6021 61209
13177 27431
11779 26154
3721 55579
15452 52882
57238 58013
37806 54315
45901 33107
62405 30740
1173 4150
37107 1750
37544 7638
60063 34517
65437 19789
21834 34156
36624 60795
65139 26378
2907 54587
8809 65203
24777 57382
30200 21435
14639 31604
30510 19135
30369 20251
27145 41287
60459 3843
26350 63081
22955 24862
22009 9118
61135 3463
63609 36960
45524 19862
17593 56270
15724 12842
23783 57319
35021 11168
10784 25712
47573 28842
13085 12749
49355 6005
50099 61102
17469 43680
44625 53692
33826 40152
15878 26376
4794 1070
10551 15784
4263 31029
36946 3797
38667 35505
60913 52172
36104 35857
28555 45199
45915 2394
40858 17809
64604 49468
1413 34671
44799 55991
42884 14830
48315 5459
15165 21101
61402 13016
56061 60913
7653 62098
17962 4861
63918 498
35649 48476
15668 54360
30803 43236
5612 36366
16843 32007
40447 29023
2089 62622
32380 35847
672 44847
18636 13431
24032 55998
35595 46974
55721 25868
54595 29952
17009 26456
52626 10686
62772 64672
33784 64487
37903 48383
59088 44909
54866 7970
50245 17680
60858 29541
42076 11490
30816 21706
53845 50517
48970 18311
19733 16054
52806 54401
1605 19436
34315 60843
42735 10543
24741 27421
5783 7230
30184 60251
10037 36571
18837 27759
8702 18382
3258 18727
16553 57344
47836 59842
61818 28875
31567 2734
40055 58712
4632 13941
15555 62921
44514 33945
40155 1340
5056 51090
46262 32144
27929 64835
48524 17886
16808 34845
8530 61696
46594 35226
49906 50168
54333 55512
20768 45058
39223 32531
24148 53174
1327 39530
32884 56224
6457 43823
8110 48806
168 43622
35461 33872
24742 5531
11714 39057
55166 5166
64665 56812
12446 42357
32469 48888
40311 24132
59696 45352
41337 17738
16986 9551
43848 19165
42425 7011
32582 62745
16253 29396
32784 24533
53879 64067
25584 511
54498 51034
7176 31165
61866 56073
49500 35270
1137 50180
16700 34700
18622 57808
18759 46501
446 34808
12062 34256
6459 27372
21610 16047
36554 25687
1679 61795
49667 64197
59263 41443
975 35639
28648 48769
50004 40558
46558 10462
4314 6874
49534 33676
31318 23538
6204 25220
8855 6879
825 27840
48885 63416
26620 49696
9011 60430
10553 30698
52571 3003
31762 28648
49410 51281
26304 7221
20445 57256
58060 33037
18280 1396
44387 58733
10814 6245
26521 4062
63884 352
1784 18582
56404 55555
6443 30371
48996 21544
29635 4227
30457 7795
51301 55186
37452 22208
6716 41637
55202 55071
35474 60319
2825 52206
23892 49550
49655 8857
27820 5340
31862 38351
18775 12603
30901 54097
8949 55065
20943 6418
31519 16289
25302 51446
13482 32519
62650 48256
37926 17555
18072 47669
55849 9141
63797 42034
28799 15443
64243 3831
56928 33696
34437 25272
25913 7791
44747 36597
8885 23741
35398 501
40246 45341
16816 35004
25507 20419
15362 49934
23774 39781
9798 61843
57772 4256
24909 30659
24326 61996
26745 7109
23779 15221
44361 31517
24237 55815
54079 19792
22416 54817
15992 43824
14698 24226
34336 23921
23882 40599
16003 40789
16684 867
16024 25951
1973 19491
17400 44051
55523 20562
59754 63236
18344 57511
24570 62322
37410 45713
62729 22651
9028 43944
47853 33404
49 36377
12892 52853
50656 8611
45670 54317
34534 1050
60105 51484
50249 28123
39556 13988
61641 8791
5176 63413
38971 36681
5932 39285
33460 48689
16443 18108
13631 34202
64783 17541
16166 64658
12544 24121
50995 59763
55640 35798
30214 56653
53507 641
41101 295
14794 17456
17947 8817
38742 4617
28180 40974
43426 52068
23264 2772
45417 59943
54169 21255
41210 31503
57319 1452
6968 8271
63241 21222
24199 34807
8800 44552
37695 32673
29548 13178
28610 21304
14129 8366
8315 54943
23886 22943
65127 56631
32604 53535
33880 28053
9423 41177
1927 62387
6693 20798
11101 35641
1642 47348
46387 64960
20307 40670
29129 63396
4622 48768
46550 65385
1003 54778
4513 23590
21380 53869
54339 52743
33440 5893
46964 61379
16544 50345
57571 31655
9252 19187
55251 15376
23598 60491
25587 57427
58992 65175
15247 16499
54523 58671
15609 23026
56096 50479
59907 18499
24526 48886
16403 53588
45063 34326
65521 22906
29450 54104
32774 39719
18975 21547
83 13558
45542 57320
30623 61012
51230 37934
36310 21798
59769 20200
27831 61593
54629 53800
38092 34859
25411 33699
17996 39283
29919 53117
40080 16696
7762 14674
54870 32531
35724 30837
10927 20225
25336 3184
8809 47632
20217 37808
48046 11948
41306 51571
20429 48335
18771 64921
15615 51046
18962 14727
4387 25852
38978 30583
6354 39192
46571 51016
28644 53887
45264 37651
11055 50413
42223 48294
54962 58676
21305 60096
4096 59016
8781 2256
57578 29430
10626 22989
25799 39729
11226 32770
38184 52028
7514 32676
5428 49688
65009 50531
27685 27272
2601 14871
8250 44235
33241 44645
60677 27850
30146 18829
6030 17672
16324 45369
53655 53852
46115 27985
57734 11754
51247 57449
48149 61120
38974 22509
14190 56879
18718 23683
27770 25411
28368 11702
44446 48889
6071 19803
44851 39150
18126 64072
38400 20255
60017 40955
18090 10782
13383 51722
52427 36732
13353 64250
25597 40315
46068 337
65318 27307
52331 1415
32601 15155
54928 15525
65521 14966
9649 25093
19188 40405
43356 35668
53270 8946
50786 2093
28979 40681
56448 18706
35076 47325
24026 24256
14669 17224
26639 15364
28737 41102
30434 59078
31175 53671
22791 45200
25316 26501
6008 32570
61101 48518
55283 52984
32800 15700
38267 40204
9840 54857
32107 10660
54109 18517
22048 10495
30073 56850
55760 5997
21884 64474
24734 15889
17 35073
25539 23734
48035 12471
19535 34957
24641 26652
36138 55595
26526 30126
31801 12416
42072 16839
7324 32951
61981 9946
53314 14278
18976 15293
11806 36622
51266 20446
13147 28927
62637 6500
53688 8800
56473 2810
7979 63230
4409 32667
64256 55400
33492 63040
6391 18401
33515 21140
6360 42277
15428 47749
2103 22973
58125 57226
57217 33299
65405 31319
40550 48897
49252 10360
5108 50354
18319 43336
32222 14560
57545 58235
44488 21633
2103 59035
52342 22088
5945 6795
29907 6190
7844 30983
43224 58710
9369 14541
12616 64485
58697 49987
11316 62216
53603 53031
40101 51540
33389 13688
33224 38182
34831 37724
18593 52112
10543 38911
10604 16168
65284 3644
14317 22583
31481 10016
12250 15124
31036 41925
12021 16369
4639 20649
17425 42960
18548 58332
28747 56611
62530 28015
57003 62668
43323 47104
2925 17845
15282 6411
26220 47905
65409 38718
33023 978
64881 14405
28894 13056
28639 24700
27858 25462
19874 25420
21025 59350
3677 51517
6392 10463
56334 48300
58895 31814
30977 22873
25642 12055
51071 56828
22788 63302
52560 45097
55167 20386
39478 63599
8808 24810
40709 39770
23303 18802
11929 14987
20363 10834
30642 4149
45663 27264
64089 35672
46771 47451
14736 33752
15286 26394
2764 44619
31018 62941
50581 46888
31675 52411
51904 28177
19692 51475
46580 24463
28905 32603
60656 51648
64314 62073
52289 4522
11913 35307
2923 64837
22947 669
50840 9857
13687 55647
18847 23966
53400 8791
57546 36177
20245 58755
8209 20189
57982 37221
58231 16731
49548 34318
62246 34088
38732 46379
29884 15029
38121 56691
65408 64437
48658 5732
34738 13293
21732 62480
31342 26448
1609 16244
20261 35621
44866 43815
43911 13775
27799 20483
51573 52890
35814 45314
55429 38232
47017 48470
2524 43353
32010 6930
60145 9569
52860 33721
47913 61227
44994 55491
5859 11251
3280 55705
25765 65464
38291 10412
16485 54246
17397 51504
22270 21016
37484 34201
22205 7138
1041 32208
60144 46197
53037 39435
11820 8017
26937 59291
37874 60766
1683 39013
23377 43532
44487 10677
13067 3422
8771 46638
114 39554
8113 6872
44382 60301
11379 63292
55550 33364
39983 5858
14096 44490
11379 26611
2557 52630
46635 18789
61422 55012
43717 8206
17301 10766
47170 20562
65260 11254
57393 7218
8808 47510
34604 5087
42240 45875
25112 32798
38059 15413
21546 64466
20075 13985
13893 35443
2469 30562
118 55719
18150 35367
56078 5724
43476 54635
55884 57834
65042 22094
18618 47967
9251 38286
7562 10747
39742 20806
23548 60426
46900 5153
45283 60254
16336 11737
58009 5804
2516 14313
29197 4980
6720 13976
36744 4766
63660 2141
53281 15637
24559 32007
61467 8141
45398 65011
20147 39458
40161 50211
23942 50742
49582 64979
20859 13789
37204 57986
28792 850
29471 63833
23559 12154
14329 7747
21559 4728
17205 1243
39139 3876
10862 36144
23520 46672
13802 45860
14280 35719
51361 973
15507 55649
44325 35248
22136 17436
36261 34049
44464 35319
13112 31419
17333 49319
46310 3953
6391 22155
6449 33508
35515 53876
36559 17808
47611 17350
30376 47199
6067 20206
12229 40757
9793 13201
15164 56882
49167 18597
57001 28784
3970 60138
24012 62727
58835 32466
6538 53942
51384 9956
60718 53165
19598 7759
60076 40157
9239 63597
15216 41666
13090 59528
58548 48861
16706 13137
42166 25057
12865 51918
22865 44102
8596 19510
7512 51462
51347 51293
19801 35668
38245 43136
64527 41674
31796 16453
42096 11742
57568 2306
40973 53324
21980 46459
40604 25233
22902 39269
9364 19412
13459 49090
27703 33181
49408 13176
19283 20706
56062 40698
50788 1002
32485 60847
14032 40263
25534 31506
23847 4314
45351 7045
55593 18248
4948 64671
43883 42674
61569 21499
55772 57833
5748 12089
24832 7619
39910 47712
53338 41214
29071 33320
23595 46387
2201 19330
37034 14099
36095 52993
10011 4354
63351 26754
3501 5403
56466 41836
43454 30954
15425 58731
53877 27576
37411 13532
40504 16931
35524 8098
