EAL: Detected CPU lcores: 20
EAL: Detected NUMA nodes: 1
EAL: Detected shared linkage of DPDK
EAL: Multi-process socket /var/run/dpdk/rte/mp_socket
EAL: Selected IOVA mode 'VA'
EAL: Probe PCI driver: mlx5_pci (15b3:1015) device: 0000:03:00.1 (socket 0)
TELEMETRY: No legacy callbacks, legacy socket not created
Count core: 1
Number of queues: 1
Connecting to port 0 with 1 queues
ip: 192.168.1.1
server port is 8080
Expect the server to change the location of timestamp by 20 bytes
sending ARP requests
mac address for server 192.168.1.1 received: 9c:dc:71:5e:f:41
ARP requests finished
-------------------------------------
500153
497774
497196
500815
501808
502130
501185
500317
503167
473043
497441
501656
498717
500671
495667
501860
502315
501236
500728
500887
502660
504639
504685
504684
504772
505804
500566
502051
502144
500225
499081
502112
503233
501423
500067
501083
500464
501433
498668
498186
492348
498758
499982
500397
496153
502133
501779
504240
496089
498936
502695
505232
502448
497294
502364
503925
502676
491580
504061
502124
501677
503239
504043
504838
506857
501147
504583
506249
503102
497129
502690
497393
507776
506631
506599
503691
499204
508621
501093
500573
499228
500256
504781
504054
499118
503260
501123
503399
505299
502074
506918
502636
501702
500518
497985
503194
494694
504274
503123
504317
503863
503480
506476
505870
502820
506894
503656
503585
505984
499008
504108
498136
502066
497725
502815
505113
502943
503439
507535
504743
503755
504109
504682
504201
503755
505399
502150
511116
503117
507564
498877
501292
504746
503809
697109
503551
697386
518982
494487
497270
500917
499097
521382
502887
503246
504677
498148
505203
500562
504988
495115
503552
502990
507194
500697
498989
502173
504520
500400
499022
500646
499047
496476
504371
473898
494004
499549
500612
441175
501623
501187
500985
503338
500184
506102
503838
501372
499264
501950
501786
500164
505427
502068
783469
491478
502352
505660
506548
502906
504220
499956
505153
502447
500041
500239
498757
499919
501932
498174
503112
498153
502231
500448
493357
500831
505394
501473
499615
500241
500945
498389
500610
501221
501077
501102
498907
504062
498864
495165
500893
499598
503249
498467
499762
498530
498743
502071
504826
501282
501579
498887
501687
500625
498066
498148
501830
500726
499074
500315
499143
499026
499834
503957
498786
500175
492013
500927
506472
501566
501988
504843
-------------------------------------

