EAL: Detected CPU lcores: 20
EAL: Detected NUMA nodes: 1
EAL: Detected shared linkage of DPDK
EAL: Multi-process socket /var/run/dpdk/rte/mp_socket
EAL: Selected IOVA mode 'VA'
EAL: Probe PCI driver: mlx5_pci (15b3:1015) device: 0000:03:00.1 (socket 0)
TELEMETRY: No legacy callbacks, legacy socket not created
Count core: 1
Number of queues: 1
Connecting to port 0 with 1 queues
ip: 192.168.1.1
server port is 8080
Expect the server to change the location of timestamp by 20 bytes
sending ARP requests
mac address for server 192.168.1.1 received: 9c:dc:71:5e:f:41
ARP requests finished
-------------------------------------
499523
504128
506941
506328
503666
505287
506670
505880
500917
524148
503909
501774
510200
504241
503227
500633
500974
498810
500402
506724
501889
502884
498075
496740
501207
500523
521240
507321
500398
494213
494820
499505
496302
497594
514114
502016
499103
495531
495005
500019
502902
502163
501263
502556
501056
501066
503285
499738
500441
491469
497811
495357
498482
505207
502856
503988
501558
492453
493116
501546
498271
503334
500039
502522
500577
499919
502115
502047
502112
498605
496302
500292
498790
501010
503138
499979
502517
498537
501105
498091
504232
500269
495713
500805
502866
506266
500838
492196
498528
495384
501280
504588
503783
502769
502809
498503
506811
502764
507673
500400
507466
504308
502050
504147
504891
501256
507847
499034
504090
507584
502259
505569
501284
497702
502311
506910
503637
498035
498155
503519
502043
490634
496948
498443
497421
503065
500203
503695
499672
498891
503010
502933
497959
498527
500016
498821
499064
503107
495518
500798
500800
502553
500752
500726
500872
500789
502100
500484
501221
501276
495681
499843
502200
500882
503638
499533
498576
501687
500605
497969
498909
501107
500007
503253
496338
499118
506016
498142
501967
503531
498752
507591
507477
500646
503203
502008
491702
498533
499827
498698
506846
498896
504479
500923
499607
497841
503717
494288
500584
500316
501824
501389
503123
500888
501659
500584
500709
502709
501107
496161
500199
502158
498566
501364
503130
505057
499232
499548
501252
501436
502640
498989
503816
502788
499547
474451
498988
499545
502674
500457
500732
500812
499962
495657
501586
502479
498507
501692
501757
500324
499799
501794
500771
500717
501708
497883
499830
504124
503384
501745
501407
505437
504492
498369
501680
498317
696786
500523
502237
502428
496192
-------------------------------------

