EAL: Detected CPU lcores: 20
EAL: Detected NUMA nodes: 1
EAL: Detected shared linkage of DPDK
EAL: Multi-process socket /var/run/dpdk/rte/mp_socket
EAL: Selected IOVA mode 'VA'
EAL: Probe PCI driver: mlx5_pci (15b3:1015) device: 0000:03:00.1 (socket 0)
TELEMETRY: No legacy callbacks, legacy socket not created
Count core: 1
Number of queues: 1
Connecting to port 0 with 1 queues
ip: 192.168.1.1
server port is 8080
Expect the server to change the location of timestamp by 20 bytes
sending ARP requests
mac address for server 192.168.1.1 received: 9c:dc:71:5e:f:41
ARP requests finished
-------------------------------------
494349
502533
507052
502808
502989
502553
505134
508328
504207
505389
500197
503333
507795
504876
504438
500957
503708
504070
498389
502456
504445
507457
504763
507133
506701
507330
507645
506065
504632
505623
505077
503360
480964
497894
507564
504967
484315
501786
504958
501640
504282
506890
504572
504958
506055
500279
483313
499617
491166
498528
501619
502338
501079
500405
505850
507486
495572
502733
487279
495798
500620
499496
503525
499187
501569
503600
495440
502153
500159
498427
495807
503357
511493
504718
511474
503184
492999
501417
508053
506353
207083
502399
507256
503036
503713
506588
508305
507052
503639
500000
490338
500323
486571
501023
505496
504893
490444
503846
502513
503856
497071
502870
505750
490489
512948
495038
501176
505714
501064
506321
509277
503891
503026
506871
504024
503278
501693
505779
498320
484302
499263
506474
504251
506771
506057
506056
502998
506260
505156
504020
507995
506590
504197
506805
504504
503850
513072
485864
503785
506710
504815
503252
481322
500847
503302
504732
508093
480195
500763
502679
501121
508065
503439
503078
505482
499385
501844
503418
501620
488338
504019
505674
503867
505728
496484
504471
498701
514680
489946
501779
502579
502250
493820
489769
501032
496882
499312
500936
504059
495563
498735
481866
503385
489277
501464
506179
503952
506277
502000
503108
479402
502132
504478
507081
498364
506174
504929
508179
501813
505422
505596
508656
508141
509775
505682
501384
479893
504434
504095
484352
498948
504476
508681
505023
507121
506368
498718
484217
499854
487126
503615
499654
502485
505702
503558
507230
504707
504616
505989
504863
510358
506340
504749
501934
503861
499835
501305
494702
500423
500934
503169
487348
501320
504610
-------------------------------------

