EAL: Detected CPU lcores: 20
EAL: Detected NUMA nodes: 1
EAL: Detected shared linkage of DPDK
EAL: Multi-process socket /var/run/dpdk/rte/mp_socket
EAL: Selected IOVA mode 'VA'
EAL: Probe PCI driver: mlx5_pci (15b3:1015) device: 0000:03:00.1 (socket 0)
TELEMETRY: No legacy callbacks, legacy socket not created
Count core: 1
Number of queues: 1
Connecting to port 0 with 1 queues
ip: 192.168.1.1
server port is 8080
Expect the server to change the location of timestamp by 20 bytes
sending ARP requests
mac address for server 192.168.1.1 received: 9c:dc:71:5e:f:41
ARP requests finished
-------------------------------------
486915
499945
502636
506495
503046
506006
504390
502551
506476
504713
502845
504512
504864
499158
498337
505677
504888
500944
505702
502949
501993
506547
503062
506917
502814
503568
504208
505518
504791
502195
499158
502271
506686
501179
496152
503458
506088
498878
493148
501061
503030
500578
502723
511087
508664
506837
504999
506302
504309
517897
503740
505455
504609
501974
507769
503072
501712
501369
511251
501929
499683
502410
497553
500291
504353
520307
502919
499622
504877
495545
499893
505462
501707
505926
505692
496615
502500
525891
504423
504697
500112
497174
501723
504953
503334
502447
519649
508158
507717
503621
513317
505570
504591
505623
506873
503818
500587
506723
497863
498521
497338
501683
519317
501128
500569
502098
496388
501373
503626
500569
499181
499089
501886
498800
499835
498648
500105
499271
502018
500466
499557
499842
699063
499620
501853
501918
498885
360233
503390
500917
499002
495682
499883
501353
503898
501265
501471
498216
593667
507048
499998
514802
504056
498103
501749
500967
500996
502947
501704
504100
501566
502247
500435
500302
502034
502030
499927
497348
498764
504531
501858
502349
497346
504645
503436
502096
499653
498365
498906
498378
500786
499879
500821
499294
499407
501520
502506
498820
499428
499726
501671
496185
503082
501771
502245
500529
501050
502917
504922
499921
502596
499773
499307
500835
499723
499419
493779
504858
498396
503495
504231
502836
503697
502623
499179
500671
502388
503997
504553
503024
504466
502830
-------------------------------------

