EAL: Detected CPU lcores: 20
EAL: Detected NUMA nodes: 1
EAL: Detected shared linkage of DPDK
EAL: Multi-process socket /var/run/dpdk/rte/mp_socket
EAL: Selected IOVA mode 'PA'
EAL: VFIO support initialized
EAL: Probe PCI driver: mlx5_pci (15b3:1015) device: 0000:03:00.1 (socket 0)
TELEMETRY: No legacy callbacks, legacy socket not created
Count core: 1
Number of queues: 1
Connecting to port 0 with 1 queues
ip: 192.168.1.1
server port is 8080
Expect the server to change the location of timestamp by 20 bytes
sending ARP requests
mac address for server 192.168.1.1 received: 9c:dc:71:5b:42:81
ARP requests finished
-------------------------------------
565834
578885
543229
538663
542531
536205
538851
544187
545220
543445
540538
547742
542080
543446
545328
553153
546179
544505
543928
552175
545904
543932
548761
560686
546862
558661
557418
549286
545382
549277
543727
546317
562220
550882
552579
558243
547874
558916
562832
550405
553229
555365
550221
554948
552813
555221
551646
548453
567299
557982
556506
564936
525730
561712
562309
547009
556126
553512
559087
555921
561117
558423
563494
557425
559679
558307
562024
550985
555656
566687
553610
552646
548764
563103
559459
553184
559128
552718
559743
556524
561514
565524
558980
568087
558381
569722
553492
557445
560439
556738
563561
611319
544682
559044
563294
559666
558981
567005
557125
556442
557327
556857
546695
552933
556319
553836
567816
560958
555263
562606
553537
560287
560160
559189
563710
553711
559241
564115
562051
557794
563512
556626
561398
565013
584658
582578
577288
578586
572725
578624
571869
563365
566064
566419
564589
562324
570395
570235
563493
570303
562246
563487
565144
562941
570326
564774
557460
564514
566661
570293
577682
572651
561692
568066
565061
563794
568354
566198
572133
571253
567426
573593
559497
570294
574041
564822
566333
571305
569920
571222
570904
568796
571783
573349
564174
567895
573156
532007
576862
565025
566504
570284
568821
566677
570998
578764
573033
575405
575020
575006
580637
583308
564828
574591
570588
577071
574338
758616
577616
559651
564881
567725
571721
548089
570461
569392
757876
552831
770088
578083
574917
567548
575759
570554
576271
570400
574435
571988
578153
573647
570222
574978
572626
573107
576487
579010
576322
563274
573728
565983
572774
569632
576856
578771
580358
578580
579381
577627
573967
-------------------------------------

